#1	
"double Cosine(6247, 2)"	
0	0
0.5	0
1	0
1.5	0
2	0
2.5	0
3	0
3.5	0
4	0.819031
4.5	0.730909
5	0.645221
5.5	0.579253
6	0.552518
6.5	0.57622
7	0.641102
7.5	0.726318
8	0.815148
8.5	1
9	1
9.5	1
10	0
10.5	0
11	0
11.5	0
12	0
12.5	0
13	0
13.5	0
14	0
14.5	0
15	0
15.5	0
16	0.820364
16.5	0.732545
17	0.647265
17.5	0.580784
18	0.553712
18.5	0.576967
19	0.641482
19.5	0.726482
20	0.815159
20.5	1
21	1
21.5	1
22	0
22.5	0
23	0
23.5	0
24	0
24.5	0
25	0
25.5	0
26	0
26.5	0
27	0
27.5	0
28	0.821742
28.5	0.734153
29	0.648976
29.5	0.582404
30	0.555007
30.5	0.577819
31	0.64196
31.5	0.726815
32	0.815237
32.5	1
33	1
33.5	1
34	0
34.5	0
35	0
35.5	0
36	0
36.5	0
37	0
37.5	0
38	0
38.5	0
39	0
39.5	0
40	0.823165
40.5	0.73582
41	0.65076
41.5	0.584111
42	0.556402
42.5	0.578775
43	0.642536
43.5	0.727067
44	0.815384
44.5	1
45	1
45.5	1
46	0
46.5	0
47	0
47.5	0
48	0
48.5	0
49	0
49.5	0
50	0
50.5	0
51	0
51.5	0
52	0.824631
52.5	0.737544
53	0.652615
53.5	0.585903
54	0.557896
54.5	0.579834
55	0.643212
55.5	0.72749
56	0.815599
56.5	1
57	1
57.5	1
58	0
58.5	0
59	0
59.5	0
60	0
60.5	0
61	0
61.5	0
62	0
62.5	0
63	0
63.5	0
64	0.826139
64.5	0.739286
65	0.654315
65.5	0.58778
66	0.559487
66.5	0.580998
67	0.643986
67.5	0.728
68	0.815882
68.5	1
69	1
69.5	1
70	0
70.5	0
71	0
71.5	0
72	0
72.5	0
73	0
73.5	0
74	0
74.5	0
75	0
75.5	0
76	0.827686
76.5	0.74112
77	0.656309
77.5	0.589739
78	0.561176
78.5	0.582264
79	0.644858
79.5	0.728597
80	0.816234
80.5	1
81	1
81.5	1
82	0
82.5	0
83	0
83.5	0
84	0
84.5	0
85	0
85.5	0
86	0
86.5	0
87	0
87.5	0
88	0.829273
88.5	0.743007
89	0.65837
89.5	0.59178
90	0.562959
90.5	0.583633
91	0.64583
91.5	0.729281
92	0.816655
92.5	1
93	1
93.5	1
94	0
94.5	0
95	0
95.5	0
96	0
96.5	0
97	0
97.5	0
98	0
98.5	0
99	0
99.5	0
100	0.830896
100.5	0.744833
101	0.660218
101.5	0.593901
102	0.564838
102.5	0.585103
103	0.646899
103.5	0.730052
104	0.817144
104.5	1
105	1
105.5	1
106	0
106.5	0
107	0
107.5	0
108	0
108.5	0
109	0
109.5	0
110	0
110.5	0
111	0
111.5	0
112	0.832555
112.5	0.746976
113	0.662683
113.5	0.596101
114	0.566809
114.5	0.586674
115	0.648066
115.5	0.730909
116	0.817701
116.5	1
117	1
117.5	1
118	0
118.5	0
119	0
119.5	0
120	0
120.5	0
121	0
121.5	0
122	0
122.5	0
123	0
123.5	0
124	0.834249
124.5	0.748854
125	0.665145
125.5	0.597671
126	0.568872
126.5	0.587258
127	0.64933
127.5	0.731853
128	0.818326
128.5	1
129	1
129.5	0.7128
130	0
130.5	0
131	0
131.5	0
132	0
132.5	0
133	0
133.5	0
134	0
134.5	0
135	0
135.5	0
136	0
136.5	0
137	0.667452
137.5	0.600729
138	0.571026
138.5	0.590114
139	0.650691
139.5	0.732883
140	0.818668
140.5	1
141	1
141.5	1
142	0
142.5	0
143	0
143.5	0
144	0
144.5	0
145	0
145.5	0
146	0
146.5	0
147	0
147.5	0
148	0.837733
148.5	0.753241
149	0.669818
149.5	0.603155
150	0.573268
150.5	0.591982
151	0.652148
151.5	0.733998
152	0.81978
152.5	1
153	1
153.5	1
154	0
154.5	0
155	0
155.5	0
156	0
156.5	0
157	0
157.5	0
158	0
158.5	0
159	0
159.5	0
160	0.839521
160.5	0.755232
161	0.671755
161.5	0.604893
162	0.575599
162.5	0.593946
163	0.6537
163.5	0.735199
164	0.820608
164.5	1
165	0
165.5	0
166	0
166.5	0
167	0
167.5	0
168	0
168.5	0
169	0
169.5	0
170	0
170.5	0
171	0
171.5	0
172	0
172.5	0
173	0
173.5	0.608223
174	0
174.5	0.596006
175	0.655346
175.5	0
176	0
176.5	0
177	0
177.5	0
178	0
178.5	0
179	0
179.5	0
180	0
180.5	0
181	0
181.5	0
182	0
182.5	0
183	0
183.5	0
184	0.843181
184.5	0.759698
185	0.676789
185.5	0.610861
186	0.580517
186.5	0.59816
187	0.657086
187.5	0.737851
188	0.822462
188.5	1
189	1
189.5	1
190	0
190.5	0
191	0
191.5	0
192	0
192.5	0
193	0
193.5	0
194	0
194.5	0
195	0
195.5	0
196	0.845051
196.5	0.762141
197	0.679836
197.5	0.613567
198	0.583102
198.5	0.600408
199	0.658918
199.5	0.739302
200	0.823487
200.5	1
201	1
201.5	1
202	0
202.5	0
203	0
203.5	0
204	0
204.5	0
205	0
205.5	0
206	0
206.5	0
207	0
207.5	0
208	0.846944
208.5	0.764469
209	0.68247
209.5	0.616339
210	0.585768
210.5	0.602747
211	0.660841
211.5	0.740834
212	0.824577
212.5	1
213	1
213.5	1
214	0
214.5	0
215	0
215.5	0
216	0
216.5	0
217	0
217.5	0
218	0
218.5	0
219	0
219.5	0
220	0.84886
220.5	0.766833
221	0.685153
221.5	0.619175
222	0.588514
222.5	0.605176
223	0.662855
223.5	0.742448
224	0.82573
224.5	1
225	1
225.5	1
226	0
226.5	0
227	0
227.5	0
228	0
228.5	0
229	0
229.5	0
230	0
230.5	0
231	0
231.5	0
232	0.850797
232.5	0.769231
233	0.687883
233.5	0.622073
234	0.591338
234.5	0.607694
235	0.664958
235.5	0.744141
236	0.826947
236.5	1
237	1
237.5	1
238	0
238.5	0
239	0
239.5	0
240	0
240.5	0
241	0
241.5	0
242	0
242.5	0
243	0
243.5	0
244	0.852753
244.5	0.771511
245	0.690658
245.5	0.625032
246	0.594239
246.5	0.6103
247	0.667149
247.5	0.745955
248	0.828226
248.5	1
249	1
249.5	1
250	0
250.5	0
251	0
251.5	0
252	0
252.5	0
253	0
253.5	0
254	0
254.5	0
255	0
255.5	0
256	0.854726
256.5	0.773971
257	0.693139
257.5	0.628049
258	0.596203
258.5	0.612992
259	0.669426
259.5	0.747799
260	0.829567
260.5	1
261	1
261.5	0
262	0
262.5	0
263	0
263.5	0
264	0
264.5	0
265	0
265.5	0
266	0
266.5	0
267	0
267.5	0
268	0.856716
268.5	0.77646
269	0.695888
269.5	0.631122
270	0.600263
270.5	0.615768
271	0.671454
271.5	0.749692
272	0.830968
272.5	1
273	0
273.5	0
274	0
274.5	0
275	0
275.5	0
276	0
276.5	0
277	0
277.5	0
278	0
278.5	0
279	0
279.5	0
280	0.858719
280.5	0.779121
281	0.699233
281.5	0.634251
282	0.603383
282.5	0.618627
283	0.674237
283.5	0.751694
284	0.832429
284.5	1
285	1
285.5	1
286	0
286.5	0
287	0
287.5	0
288	0
288.5	0
289	0
289.5	0
290	0
290.5	0
291	0
291.5	0
292	0.860736
292.5	0.781677
293	0.702169
293.5	0.637432
294	0.606571
294.5	0.621568
295	0.676766
295.5	0.753771
296	0.833948
296.5	1
297	1
297.5	1
298	0
298.5	0
299	0
299.5	0
300	0
300.5	0
301	0
301.5	0
302	0
302.5	0
303	0
303.5	0
304	0.862765
304.5	0.784223
305	0.705141
305.5	0.640665
306	0.609828
306.5	0.624587
307	0.679377
307.5	0.75592
308	0.835607
308.5	0.907154
309	1
309.5	1
310	0
310.5	0
311	0
311.5	0
312	0
312.5	0
313	0
313.5	0
314	0
314.5	0
315	0
315.5	0
316	0.864803
316.5	0.786665
317	0.708148
317.5	0.643289
318	0.61315
318.5	0.627684
319	0.681393
319.5	0.75814
320	0.837586
320.5	0.908474
321	1
321.5	0
322	0
322.5	0
323	0
323.5	0
324	0
324.5	0
325	0
325.5	0
326	0
326.5	0
327	0
327.5	0
328	0.86685
328.5	0.789437
329	0.711187
329.5	0.647277
330	0.616535
330.5	0.630856
331	0.684834
331.5	0.760429
332	0.839184
332.5	0.909831
333	1
333.5	1
334	0
334.5	0
335	0
335.5	0
336	0
336.5	0
337	0
337.5	0
338	0
338.5	0
339	0
339.5	0
340	0.868905
340.5	0.792051
341	0.714258
341.5	0.650653
342	0.619982
342.5	0.634102
343	0.687676
343.5	0.762786
344	0.841054
344.5	0.911223
345	1
345.5	1
346	0
346.5	0
347	0
347.5	0
348	0
348.5	0
349	0
349.5	0
350	0
350.5	0
351	0
351.5	0
352	0.870966
352.5	0.794692
353	0.717358
353.5	0.654072
354	0.623489
354.5	0.637419
355	0.690592
355.5	0.765208
356	0.842977
356.5	0.912649
357	1
357.5	1
358	0
358.5	0
359	0
359.5	0
360	0
360.5	0
361	0
361.5	0
362	0
362.5	0
363	0
363.5	0
364	0
364.5	0.797198
365	0.71961
365.5	0.656687
366	0.627054
366.5	0.640806
367	0.693579
367.5	0.767694
368	0.844949
368.5	0.915015
369	1
369.5	1
370	0
370.5	0
371	0
371.5	0
372	0
372.5	0
373	0
373.5	0
374	0
374.5	0
375	0
375.5	0
376	0.876433
376.5	0.801477
377	0.724868
377.5	0.661665
378	0.630725
378.5	0.644343
379	0.697216
379.5	0.771227
380	0.848058
380.5	0.916524
381	1
381.5	1
382	0
382.5	0
383	0
383.5	0
384	0
384.5	0
385	0
385.5	0
386	0
386.5	0
387	0
387.5	0
388	0.878505
388.5	0.804162
389	0.728045
389.5	0.665201
390	0.634398
390.5	0.647877
391	0.70037
391.5	0.773869
392	0.850155
392.5	0.918061
393	1
393.5	1
394	0
394.5	0
395	0
395.5	0
396	0
396.5	0
397	0
397.5	0
398	0
398.5	0
399	0
399.5	0
400	0.880578
400.5	0.806858
401	0.731245
401.5	0.668774
402	0.638123
402.5	0.651473
403	0.703588
403.5	0.776568
404	0.852296
404.5	0.919623
405	1
405.5	1
406	0
406.5	0
407	0
407.5	0
408	0
408.5	0
409	0
409.5	0
410	0
410.5	0
411	0
411.5	0
412	0.88265
412.5	0.809565
413	0.734467
413.5	0.672383
414	0.641897
414.5	0.65513
415	0.706869
415.5	0.779321
416	0.854478
416.5	0.921211
417	1
417.5	1
418	0
418.5	0
419	0
419.5	0
420	0
420.5	0
421	0
421.5	0
422	0
422.5	0
423	0
423.5	0
424	0.884721
424.5	0.81228
425	0.73771
425.5	0.676026
426	0.64572
426.5	0.658846
427	0.710209
427.5	0.782127
428	0.8567
428.5	0.922821
429	1
429.5	1
430	0
430.5	0
431	0
431.5	0
432	0
432.5	0
433	0
433.5	0
434	0
434.5	0
435	0
435.5	0
436	0.88679
436.5	0.815004
437	0.740971
437.5	0.679701
438	0.649588
438.5	0.662617
439	0.713606
439.5	0.784982
440	0.858959
440.5	0.924451
441	1
441.5	1
442	0
442.5	0
443	0
443.5	0
444	0
444.5	0
445	0
445.5	0
446	0
446.5	0
447	0
447.5	1
448	0.888856
448.5	0.817734
449	0.744251
449.5	0.683407
450	0.6535
450.5	0.666441
451	0.717057
451.5	0.787884
452	0.861253
452.5	0.926101
453	1
453.5	1
454	0
454.5	0
455	0
455.5	0
456	0
456.5	0
457	0
457.5	0
458	0
458.5	0
459	0
459.5	0
460	0.890917
460.5	0.820341
461	0.747548
461.5	0.68594
462	0.657454
462.5	0.670317
463	0.72056
463.5	0.79083
464	0.86358
464.5	0.927768
465	1
465.5	1
466	0
466.5	0
467	0
467.5	0
468	0
468.5	0
469	0
469.5	0
470	0
470.5	0
471	0
471.5	1
472	0.892974
472.5	0.823212
473	0.75086
473.5	0.690906
474	0.661448
474.5	0.67424
475	0.724112
475.5	0.793818
476	0.865937
476.5	0.92945
477	1
477.5	1
478	0
478.5	0
479	0
479.5	0
480	0
480.5	0
481	0
481.5	0
482	0
482.5	0
483	0
483.5	0
484	0.895025
484.5	0.825957
485	0.754188
485.5	0.694696
486	0.665481
486.5	0.67821
487	0.727711
487.5	0.796846
488	0.868322
488.5	0.931145
489	1
489.5	1
490	0
490.5	0
491	0
491.5	0
492	0
492.5	0
493	0
493.5	0
494	0
494.5	0
495	0
495.5	1
496	0.897069
496.5	0.828705
497	0.757528
497.5	0.698511
498	0.669549
498.5	0.682223
499	0.731353
499.5	0.799911
500	0.870734
500.5	0.932851
501	1
501.5	0.799736
502	0
502.5	0
503	0
503.5	0
504	0
504.5	0
505	0
505.5	0
506	0
506.5	0
507	0
507.5	1
508	0.899107
508.5	0.831456
509	0.760881
509.5	0.70235
510	0.673651
510.5	0.686277
511	0.735036
511.5	0.80301
512	0.873168
512.5	0.934568
513	1
513.5	1
514	0
514.5	0
515	0
515.5	0
516	0
516.5	0
517	0
517.5	0
518	0
518.5	0
519	0
519.5	1
520	0.901136
520.5	0.834208
521	0.764245
521.5	0.70621
522	0.677784
522.5	0.690369
523	0.738757
523.5	0.806111
524	0.875625
524.5	0.936292
525	1
525.5	1
526	0
526.5	0
527	0
527.5	0
528	0
528.5	0
529	0
529.5	0
530	0
530.5	0
531	0
531.5	0
532	0
532.5	0.836848
533	0.767619
533.5	0.710091
534	0.681948
534.5	0
535	0.741908
535.5	0.809255
536	0.8781
536.5	0.938022
537	1
537.5	0
538	0
538.5	0
539	0
539.5	0
540	0
540.5	0
541	0
541.5	0
542	0
542.5	0
543	0
543.5	1
544	0.905169
544.5	0.83971
545	0.771002
545.5	0.71399
546	0.686139
546.5	0.698659
547	0.746304
547.5	0.812488
548	0.880592
548.5	0.939756
549	1
549.5	1
550	1
550.5	0
551	0
551.5	0
552	0
552.5	0
553	0
553.5	0
554	0
554.5	0
555	0
555.5	0
556	0.907171
556.5	0.842354
557	0.774392
557.5	0.717831
558	0.690356
558.5	0.702852
559	0.750124
559.5	0.815699
560	0.883098
560.5	0.941492
561	1
561.5	1
562	1
562.5	0
563	0
563.5	0
564	0
564.5	0
565	0
565.5	0
566	0
566.5	0
567	0
567.5	1
568	0.909162
568.5	0.845195
569	0.777512
569.5	0.721839
570	0.694597
570.5	0.707073
571	0.753972
571.5	0.818906
572	0.885617
572.5	0.943228
573	1
573.5	1
574	0
574.5	0
575	0
575.5	0
576	0
576.5	0
577	0
577.5	0
578	0
578.5	0
579	0
579.5	0
580	0.911141
580.5	0.847947
581	0.781189
581.5	0.725785
582	0.698859
582.5	0.71132
583	0.757845
583.5	0.822183
584	0.888146
584.5	0.944963
585	1
585.5	1
586	1
586.5	0
587	0
587.5	0
588	0
588.5	0
589	0
589.5	0
590	0
590.5	0
591	0
591.5	1
592	0.913108
592.5	0.850684
593	0.784593
593.5	0.729743
594	0.703141
594.5	0.715591
595	0.76174
595.5	0.825451
596	0.890682
596.5	0.946695
597	1
597.5	1
598	1
598.5	0
599	0
599.5	0
600	0
600.5	0
601	0
601.5	0
602	0
602.5	0
603	0
603.5	1
604	0.915062
604.5	0.853414
605	0.787999
605.5	0.733711
606	0.707439
606.5	0.719883
607	0.765655
607.5	0.828733
608	0.893224
608.5	0.948422
609	1
609.5	1
610	1
610.5	0
611	0
611.5	0
612	0
612.5	0
613	0
613.5	0
614	0
614.5	0
615	0
615.5	0.965205
616	0.917073
616.5	0.856137
617	0.791405
617.5	0.737688
618	0.711753
618.5	0.724194
619	0.769587
619.5	0.832027
620	0.895769
620.5	0.950142
621	1
621.5	1
622	1
622.5	0
623	0
623.5	0
624	0
624.5	0
625	0
625.5	0
626	0
626.5	0
627	0
627.5	0.966484
628	0.91908
628.5	0.858844
629	0.794811
629.5	0.741672
630	0.71608
630.5	0.72852
631	0.773534
631.5	0.83533
632	0.898316
632.5	0.951854
633	1
633.5	1
634	1
634.5	0
635	0
635.5	0
636	0
636.5	0
637	0
637.5	0
638	0
638.5	0
639	0
639.5	0
640	0
640.5	0
641	0.798215
641.5	0.744317
642	0.720418
642.5	0.732861
643	0.777493
643.5	0.838639
644	0.900862
644.5	0.953556
645	1
645.5	1
646	1
646.5	0
647	0
647.5	0
648	0
648.5	0
649	0
649.5	0
650	0
650.5	0
651	0
651.5	0.96898
652	0.923048
652.5	0.864253
653	0.801615
653.5	0.749653
654	0.724765
654.5	0.737212
655	0.781461
655.5	0.841953
656	0.903404
656.5	0.955245
657	1
657.5	1
658	1
658.5	0
659	0
659.5	0
660	0
660.5	0
661	0
661.5	0
662	0
662.5	0
663	0
663.5	0
664	0.925008
664.5	0.866862
665	0.805011
665.5	0.752576
666	0.729119
666.5	0.741573
667	0.785436
667.5	0.845207
668	0.905941
668.5	0.956922
669	1
669.5	0
670	0
670.5	0
671	0
671.5	0
672	0
672.5	0
673	0
673.5	0
674	0
674.5	0
675	0
675.5	0
676	0.926949
676.5	0.869581
677	0.8082
677.5	0.757642
678	0.733477
678.5	0.74594
679	0.789416
679.5	0.848537
680	0.908471
680.5	0.958583
681	1
681.5	1
682	1
682.5	0
683	0
683.5	0
684	0
684.5	0
685	0
685.5	0
686	0
686.5	0
687	0
687.5	0.972563
688	0.928873
688.5	0.872267
689	0.811783
689.5	0.761635
690	0.737838
690.5	0.750061
691	0.793397
691.5	0.851895
692	0.910992
692.5	0.960228
693	0
693.5	0
694	0
694.5	0
695	0
695.5	0
696	0
696.5	0
697	0
697.5	0
698	0
698.5	0
699	0
699.5	0.973713
700	0.930778
700.5	0.874905
701	0.814808
701.5	0.765625
702	0.7422
702.5	0.754685
703	0
703.5	0.855202
704	0
704.5	0.967536
705	1
705.5	1
706	0
706.5	0
707	0
707.5	0
708	0
708.5	0
709	0
709.5	0
710	0
710.5	0
711	0
711.5	0.974269
712	0.931792
712.5	0.876494
713	0.817274
713.5	0.769296
714	0.746572
714.5	0.758701
715	0.800386
715.5	0.857263
716	0.91486
716.5	0.96266
717	1
717.5	1
718	1
718.5	0
719	0
719.5	0
720	0
720.5	0
721	0
721.5	0
722	0
722.5	0
723	0
723.5	0.975383
724	0.933666
724.5	0.879174
725	0.821075
725.5	0.773277
726	0.750929
726.5	0.763064
727	0.80435
727.5	0.86055
728	0.917346
728.5	0.964255
729	1
729.5	1
730	1
730.5	0
731	0
731.5	0
732	0
732.5	0
733	0
733.5	0
734	0
734.5	0
735	0
735.5	0.976474
736	0.935519
736.5	0.881776
737	0.824419
737.5	0.777251
738	0.755281
738.5	0.76742
739	0.808305
739.5	0.863826
740	0.919815
740.5	0.965829
741	1
741.5	1
742	1
742.5	0
743	0
743.5	0
744	0
744.5	0
745	0
745.5	0
746	0
746.5	0
747	0
747.5	0
748	0.937353
748.5	0.884321
749	0.827372
749.5	0.781215
750	0.759626
750.5	0.771769
751	0.81225
751.5	0.867088
752	0.922265
752.5	0.967379
753	1
753.5	1
754	1
754.5	0
755	0
755.5	0
756	0
756.5	0
757	0
757.5	0
758	0
758.5	0
759	0
759.5	0.978586
760	0.939165
760.5	0.88693
761	0.831068
761.5	0.785169
762	0.763961
762.5	0.776107
763	0.816182
763.5	0.870333
764	0.924695
764.5	0.968903
765	1
765.5	1
766	1
766.5	0
767	0
767.5	0
768	0
768.5	0
769	0
769.5	0
770	0
770.5	0
771	0
771.5	0.979607
772	0.940956
772.5	0.88948
773	0.834371
773.5	0.789111
774	0.768285
774.5	0.780432
775	0.820098
775.5	0.87356
776	0.927103
776.5	0.970401
777	1
777.5	1
778	1
778.5	0
779	0
779.5	0
780	0
780.5	0
781	0
781.5	0
782	0
782.5	0
783	0
783.5	0.980604
784	0.942827
784.5	0.891969
785	0.837207
785.5	0.79304
786	0.772595
786.5	0
787	0.823997
787.5	0.876767
788	0.929486
788.5	0
789	0
789.5	0
790	0
790.5	0
791	0
791.5	0
792	0
792.5	0
793	0
793.5	0
794	0
794.5	0
795	0
795.5	0.981577
796	0.944529
796.5	0.894526
797	0.840928
797.5	0.796953
798	0.77689
798.5	0.789036
799	0.827876
799.5	0.879952
800	0.931844
800.5	0.973313
801	1
801.5	1
802	1
802.5	0
803	0
803.5	0
804	0
804.5	0
805	0
805.5	0
806	0
806.5	0
807	0
807.5	0.982525
808	0.946288
808.5	0.897009
809	0.84418
809.5	0.80085
810	0.781168
810.5	0.793309
811	0.831732
811.5	0.883112
812	0.934175
812.5	0.974725
813	1
813.5	1
814	1
814.5	0
815	0
815.5	0
816	0
816.5	0
817	0
817.5	0
818	0
818.5	0
819	0
819.5	0.983449
820	0.947897
820.5	0.899483
821	0.847413
821.5	0.804728
822	0.785427
822.5	0.797561
823	0.835565
823.5	0.886245
824	0.936476
824.5	0.976105
825	1
825.5	1
826	1
826.5	0
827	0
827.5	0
828	0
828.5	0
829	0
829.5	0
830	0
830.5	0
831	0
831.5	0.984349
832	0.94966
832.5	0.901929
833	0.850626
833.5	0.808588
834	0.789665
834.5	0.80179
835	0.839371
835.5	0.889351
836	0.938747
836.5	0.977452
837	1
837.5	1
838	1
838.5	0
839	0
839.5	0
840	0
840.5	0
841	0
841.5	0
842	0
842.5	0
843	0
843.5	0.985224
844	0.95131
844.5	0.904355
845	0.853817
845.5	0.812426
846	0.79388
846.5	0.805992
847	0.843148
847.5	0.892427
848	0.940987
848.5	0.978766
849	1
849.5	1
850	1
850.5	0
851	0
851.5	0
852	0
852.5	0
853	0
853.5	0
854	0
854.5	0
855	0
855.5	0.986074
856	0.95295
856.5	0.906733
857	0.856986
857.5	0.816241
858	0.798071
858.5	0.810167
859	0.846896
859.5	0.895471
860	0.943193
860.5	0.980046
861	1
861.5	1
862	1
862.5	0
863	0
863.5	0
864	0
864.5	0
865	0
865.5	0
866	0
866.5	0
867	0
867.5	0.986899
868	0.95455
868.5	0.909113
869	0.860131
869.5	0.820033
870	0.802236
870.5	0.814313
871	0.850611
871.5	0.898482
872	0.945365
872.5	0.98129
873	1
873.5	1
874	0
874.5	0
875	0
875.5	0
876	0
876.5	0
877	0
877.5	0
878	0
878.5	0
879	0
879.5	0.987699
880	0
880.5	0.911468
881	0.862846
881.5	0.823799
882	0.804595
882.5	0.818427
883	0.854293
883.5	0.901458
884	0.947501
884.5	0.982499
885	1
885.5	1
886	1
886.5	0
887	0
887.5	0
888	0
888.5	0
889	0
889.5	0
890	0
890.5	0
891	0
891.5	0
892	0.95759
892.5	0
893	0
893.5	0.827538
894	0.810479
894.5	0.822507
895	0.857939
895.5	0.904371
896	0.949683
896.5	0.98367
897	1
897.5	0
898	0
898.5	0
899	0
899.5	0
900	0
900.5	0
901	0
901.5	0
902	0
902.5	0
903	0
903.5	0.989224
904	0.959116
904.5	0
905	0.869412
905.5	0.831248
906	0.814555
906.5	0.826553
907	0.861548
907.5	0.907254
908	0.951661
908.5	0.984803
909	1
909.5	1
910	1
910.5	0
911	0
911.5	0
912	0
912.5	0
913	0
913.5	0
914	0
914.5	0
915	0
915.5	0.989948
916	0.960692
916.5	0.918376
917	0.872451
917.5	0.834929
918	0.818597
918.5	0.830562
919	0.865118
919.5	0.910165
920	0.953684
920.5	0.985898
921	1
921.5	1
922	1
922.5	0
923	0
923.5	0
924	0
924.5	0
925	0
925.5	0
926	0
926.5	0
927	0
927.5	0.990647
928	0.96217
928.5	0.920624
929	0.875058
929.5	0.838578
930	0.822605
930.5	0.834533
931	0.868647
931.5	0.912989
932	0.955666
932.5	0.986954
933	1
933.5	1
934	1
934.5	0
935	0
935.5	0
936	0
936.5	0
937	0
937.5	0
938	0
938.5	0
939	0
939.5	0.99132
940	0.963608
940.5	0.922857
941	0.87844
941.5	0.842194
942	0.826577
942.5	0.838463
943	0.872136
943.5	0.915771
944	0.957607
944.5	0.987971
945	1
945.5	1
946	1
946.5	0
947	0
947.5	0
948	0
948.5	0
949	0
949.5	0
950	0
950.5	0
951	0
951.5	0.991968
952	0.965023
952.5	0.925032
953	0.881388
953.5	0.845777
954	0.830511
954.5	0.842353
955	0.875581
955.5	0.918512
956	0.959507
956.5	0.988947
957	1
957.5	1
958	1
958.5	0
959	0
959.5	0
960	0
960.5	0
961	0
961.5	0
962	0
962.5	0
963	0
963.5	0.99259
964	0.966408
964.5	0.927192
965	0.884304
965.5	0.849324
966	0.834406
966.5	0.8462
967	0.878982
967.5	0.921208
968	0.961365
968.5	0.989882
969	1
969.5	1
970	1
970.5	0
971	0
971.5	0
972	0
972.5	0
973	0
973.5	0
974	0
974.5	0
975	0
975.5	0.993187
976	0.967758
976.5	0.929321
977	0.887186
977.5	0.852834
978	0.83826
978.5	0.850002
979	0.882337
979.5	0.92386
980	0.963179
980.5	0.990777
981	1
981.5	1
982	1
982.5	0
983	0
983.5	0
984	0
984.5	0
985	0
985.5	0
986	0
986.5	0
987	0
987.5	0.993757
988	0.969093
988.5	0.931419
989	0.890034
989.5	0.856307
990	0.842073
990.5	0.853759
991	0.885646
991.5	0.926467
992	0.964949
992.5	0.99163
993	1
993.5	1
994	1
994.5	0
995	0
995.5	0
996	0
996.5	0
997	0
997.5	0
998	0
998.5	0
999	0
999.5	0.994303
1000	0.970331
1000.5	0.933482
1001	0.892846
1001.5	0.85974
1002	0.845843
1002.5	0.857469
1003	0.888907
1003.5	0.929027
1004	0.966675
1004.5	0.992442
1005	1
1005.5	0
1006	0
1006.5	0
1007	0
1007.5	0
1008	0
1008.5	0
1009	0
1009.5	0
1010	0
1010.5	0
1011	0
1011.5	0
1012	0.971604
1012.5	0.935519
1013	0.895624
1013.5	0.863134
1014	0.849568
1014.5	0.861131
1015	0.892118
1015.5	0.93154
1016	0.968361
1016.5	0.993212
1017	1
1017.5	1
1018	1
1018.5	0
1019	0
1019.5	0
1020	0
1020.5	0
1021	0
1021.5	0
1022	0
1022.5	0
1023	0
1023.5	0.995316
1024	0.972905
1024.5	0.937521
1025	0.898364
1025.5	0.866487
1026	0.853248
1026.5	0.864743
1027	0.89528
1027.5	0.934005
1028	0.969991
1028.5	0.993939
1029	1
1029.5	1
1030	1
1030.5	0
1031	0
1031.5	0
1032	0
1032.5	0
1033	0
1033.5	0
1034	0
1034.5	0
1035	0
1035.5	0.995785
1036	0.974117
1036.5	0.93949
1037	0.901068
1037.5	0.869798
1038	0.856881
1038.5	0.868305
1039	0.89839
1039.5	0.936421
1040	0.97158
1040.5	0.994625
1041	1
1041.5	1
1042	1
1042.5	0
1043	0
1043.5	0
1044	0
1044.5	0
1045	0
1045.5	0
1046	0
1046.5	0
1047	1
1047.5	0.996229
1048	0.9753
1048.5	0.941426
1049	0.903733
1049.5	0.873067
1050	0.860466
1050.5	0.871815
1051	0.901448
1051.5	0.938787
1052	0.973122
1052.5	0.995268
1053	1
1053.5	1
1054	1
1054.5	0
1055	0
1055.5	0
1056	0
1056.5	0
1057	0
1057.5	0
1058	0
1058.5	0
1059	1
1059.5	0.996647
1060	0.976453
1060.5	0.943329
1061	0.906361
1061.5	0.876291
1062	0.864002
1062.5	0.875272
1063	0.904453
1063.5	0.941103
1064	0.974618
1064.5	0.995869
1065	1
1065.5	1
1066	1
1066.5	0
1067	0
1067.5	0
1068	0
1068.5	0
1069	0
1069.5	0
1070	0
1070.5	0
1071	1
1071.5	0.99704
1072	0.977578
1072.5	0.945198
1073	0.90895
1073.5	0.879472
1074	0.867489
1074.5	0.878675
1075	0.907404
1075.5	0.943369
1076	0.976068
1076.5	0.996481
1077	1
1077.5	1
1078	1
1078.5	0
1079	0
1079.5	0
1080	0
1080.5	0
1081	0
1081.5	0
1082	0
1082.5	0
1083	1
1083.5	0.997445
1084	0.978777
1084.5	0.94718
1085	0.911635
1085.5	0.882662
1086	0.870924
1086.5	0.882117
1087	0.910484
1087.5	0.945769
1088	0.9776
1088.5	0.996994
1089	1
1089.5	1
1090	1
1090.5	0
1091	0
1091.5	0
1092	0
1092.5	0
1093	0
1093.5	0
1094	0
1094.5	0
1095	1
1095.5	0.997787
1096	0.979844
1096.5	0.948982
1097	0.914147
1097.5	0.885755
1098	0.874308
1098.5	0.885408
1099	0.913322
1099.5	0.947927
1100	0.978951
1100.5	0.997464
1101	1
1101.5	1
1102	1
1102.5	0
1103	0
1103.5	0
1104	0
1104.5	0
1105	0
1105.5	0
1106	0
1106.5	0
1107	0
1107.5	0.998103
1108	0.980877
1108.5	0.95075
1109	0.91662
1109.5	0.888801
1110	0.87764
1110.5	0.888642
1111	0.916104
1111.5	0.950034
1112	0.980254
1112.5	0.997893
1113	1
1113.5	1
1114	1
1114.5	0
1115	0
1115.5	0
1116	0
1116.5	0
1117	0
1117.5	0
1118	0
1118.5	0
1119	1
1119.5	0.998394
1120	0.981883
1120.5	0.952483
1121	0.919051
1121.5	0.8918
1122	0.880919
1122.5	0.891819
1123	0.918831
1123.5	0.952089
1124	0.98151
1124.5	0.998281
1125	1
1125.5	1
1126	1
1126.5	0
1127	0
1127.5	0
1128	0
1128.5	0
1129	0
1129.5	0
1130	0
1130.5	0
1131	1
1131.5	0.99866
1132	0.982859
1132.5	0.954181
1133	0.921441
1133.5	0.89475
1134	0.884144
1134.5	0.894939
1135	0.921501
1135.5	0.954091
1136	0.982719
1136.5	0.998628
1137	1
1137.5	1
1138	1
1138.5	0
1139	0
1139.5	0
1140	0
1140.5	0
1141	0
1141.5	0
1142	0
1142.5	0
1143	0
1143.5	0
1144	0.983773
1144.5	0.955844
1145	0.923788
1145.5	0.897652
1146	0.887314
1146.5	0.898001
1147	0
1147.5	0.956042
1148	0
1148.5	0.998934
1149	0
1149.5	0
1150	0
1150.5	0
1151	0
1151.5	0
1152	0
1152.5	0
1153	0
1153.5	0
1154	0
1154.5	0
1155	0
1155.5	0.999119
1156	0.984714
1156.5	0.957469
1157	0.926093
1157.5	0.900504
1158	0.890429
1158.5	0.901005
1159	0.926671
1159.5	0.957941
1160	0.984998
1160.5	0.999201
1161	1
1161.5	1
1162	1
1162.5	0
1163	0
1163.5	0
1164	0
1164.5	0
1165	0
1165.5	0
1166	0
1166.5	0
1167	0
1167.5	0.999312
1168	0.98558
1168.5	0.959044
1169	0.928112
1169.5	0.903306
1170	0.893489
1170.5	0.90395
1171	0.929171
1171.5	0.959787
1172	0.986068
1172.5	0.999428
1173	1
1173.5	1
1174	0
1174.5	0
1175	0
1175.5	0
1176	0
1176.5	0
1177	0
1177.5	0
1178	0
1178.5	0
1179	0
1179.5	0
1180	0
1180.5	0
1181	0.930574
1181.5	0.906058
1182	0.896492
1182.5	0.906836
1183	0.931614
1183.5	0.961563
1184	0.987092
1184.5	0.999617
1185	0.993647
1185.5	1
1186	1
1186.5	0
1187	0
1187.5	0
1188	0
1188.5	0
1189	0
1189.5	0
1190	0
1190.5	0
1191	0.993678
1191.5	0.999626
1192	0.987293
1192.5	0.962137
1193	0.932749
1193.5	0.908759
1194	0.899438
1194.5	0.909662
1195	0.934
1195.5	0.963325
1196	0.988071
1196.5	0.999767
1197	0.992962
1197.5	1
1198	1
1198.5	0
1199	0
1199.5	0
1200	0
1200.5	0
1201	0
1201.5	0
1202	0
1202.5	0
1203	0.993146
1203.5	0.999747
1204	0.988091
1204.5	0.963621
1205	0.93488
1205.5	0.911408
1206	0.902328
1206.5	0.91243
1207	0.936329
1207.5	0.965016
1208	0.989005
1208.5	0.999879
1209	0.992248
1209.5	1
1210	1
1210.5	0
1211	0
1211.5	0
1212	0
1212.5	0
1213	0
1213.5	0
1214	0
1214.5	0
1215	0
1215.5	0.999844
1216	0.98886
1216.5	0.965068
1217	0.936967
1217.5	0.914006
1218	0.905161
1218.5	0.915137
1219	0.938601
1219.5	0.966657
1220	0.989894
1220.5	0.999954
1221	0.991505
1221.5	1
1222	1
1222.5	0
1223	0
1223.5	0
1224	0
1224.5	0
1225	0
1225.5	0
1226	0
1226.5	0
1227	0.992025
1227.5	0.999917
1228	0.9896
1228.5	0.966479
1229	0.93901
1229.5	0.916551
1230	0.907936
1230.5	0.917786
1231	0.940816
1231.5	0.968246
1232	0.99074
1232.5	0.999993
1233	0.990736
1233.5	1
1234	1
1234.5	0
1235	0
1235.5	0
1236	0
1236.5	0
1237	0
1237.5	0
1238	0
1238.5	0
1239	0.991438
1239.5	0.999967
1240	0.990311
1240.5	0.967854
1241	0.941008
1241.5	0.919045
1242	0.910653
1242.5	0.920374
1243	0.942975
1243.5	0.969784
1244	0.991542
1244.5	0.999997
1245	0.98994
1245.5	1
1246	1
1246.5	0
1247	0
1247.5	0
1248	0
1248.5	0
1249	0
1249.5	0
1250	0
1250.5	0
1251	0.990833
1251.5	0.999994
1252	0.990994
1252.5	0.969194
1253	0.942962
1253.5	0.921486
1254	0.913313
1254.5	0.922902
1255	0.945077
1255.5	0.971272
1256	0.992301
1256.5	0.999967
1257	0.98912
1257.5	1
1258	1
1258.5	0
1259	0
1259.5	0
1260	0
1260.5	0
1261	0
1261.5	0
1262	0
1262.5	0
1263	0.990211
1263.5	0.999999
1264	0.991648
1264.5	0.970498
1265	0.944872
1265.5	0.923875
1266	0.915914
1266.5	0.925371
1267	0.947123
1267.5	0.972711
1268	0.993018
1268.5	0.999903
1269	0.988275
1269.5	1
1270	1
1270.5	0
1271	0
1271.5	0
1272	0
1272.5	0
1273	0
1273.5	0
1274	0
1274.5	0
1275	0.989573
1275.5	0.999982
1276	0.992274
1276.5	0.971766
1277	0.946738
1277.5	0.926212
1278	0.918458
1278.5	0.927781
1279	0.949113
1279.5	0.9741
1280	0.993694
1280.5	0.999807
1281	0.987409
1281.5	1
1282	1
1282.5	0
1283	0
1283.5	0
1284	0
1284.5	0
1285	0
1285.5	0
1286	0
1286.5	0
1287	0.988918
1287.5	0.999943
1288	0.992872
1288.5	0.972999
1289	0.94856
1289.5	0.928496
1290	0.920944
1290.5	0.93013
1291	0.951047
1291.5	0.97544
1292	0.99433
1292.5	0.99968
1293	0.986521
1293.5	1
1294	1
1294.5	0
1295	0
1295.5	0
1296	0
1296.5	0
1297	0
1297.5	0
1298	0
1298.5	0
1299	0.988247
1299.5	0.999882
1300	0.993443
1300.5	0.974197
1301	0.950339
1301.5	0.930729
1302	0.923372
1302.5	0.932421
1303	0.952926
1303.5	0.976732
1304	0.994925
1304.5	0.999522
1305	0.985613
1305.5	1
1306	1
1306.5	0
1307	0
1307.5	0
1308	0
1308.5	0
1309	0
1309.5	0
1310	0
1310.5	0
1311	0.98756
1311.5	0.999801
1312	0.993985
1312.5	0.975361
1313	0.952073
1313.5	0.932909
1314	0.925742
1314.5	0.934653
1315	0.954751
1315.5	0.977976
1316	0.995482
1316.5	0.999335
1317	0.984687
1317.5	1
1318	1
1318.5	0
1319	0
1319.5	0
1320	0
1320.5	0
1321	0
1321.5	0
1322	0
1322.5	0
1323	0.986858
1323.5	0.9997
1324	0.994502
1324.5	0.976489
1325	0.953765
1325.5	0.935038
1326	0.928055
1326.5	0.936826
1327	0.956521
1327.5	0.979173
1328	0.996001
1328.5	0.99912
1329	0.983743
1329.5	1
1330	1
1330.5	0
1331	0
1331.5	0
1332	0
1332.5	0
1333	0
1333.5	0
1334	0
1334.5	0
1335	0.986142
1335.5	0.999578
1336	0.994992
1336.5	0.977584
1337	0.955413
1337.5	0.937115
1338	0.930311
1338.5	0.93894
1339	0.958237
1339.5	0.980324
1340	0.996482
1340.5	0.998878
1341	0.982784
1341.5	1
1342	1
1342.5	0
1343	0
1343.5	0
1344	0
1344.5	0
1345	0
1345.5	0
1346	0
1346.5	0
1347	0
1347.5	0
1348	0.99545
1348.5	0.978645
1349	0.956706
1349.5	0.93914
1350	0.932509
1350.5	0.940997
1351	0.9599
1351.5	0.98143
1352	0.996928
1352.5	0.998611
1353	0.98181
1353.5	1
1354	1
1354.5	0
1355	0
1355.5	0
1356	0
1356.5	0
1357	0
1357.5	0
1358	0
1358.5	0
1359	0.984668
1359.5	0.999276
1360	0.995896
1360.5	0.979672
1361	0.958581
1361.5	0.941115
1362	0.934651
1362.5	0.942996
1363	0.96151
1363.5	0.98249
1364	0.997338
1364.5	0.998319
1365	0.980823
1365.5	1
1366	1
1366.5	0
1367	0
1367.5	0
1368	0
1368.5	0
1369	0
1369.5	0
1370	0
1370.5	0
1371	0.983911
1371.5	0.999097
1372	0.996309
1372.5	0.980666
1373	0.960101
1373.5	0.943038
1374	0.936736
1374.5	0.944939
1375	0.963069
1375.5	0.983507
1376	0.997714
1376.5	0.998004
1377	0.979825
1377.5	1
1378	1
1378.5	0
1379	0
1379.5	0
1380	0
1380.5	0
1381	0
1381.5	0
1382	0
1382.5	0
1383	0.983141
1383.5	0.998901
1384	0.996696
1384.5	0.981627
1385	0.961579
1385.5	0.944911
1386	0.938766
1386.5	0.946825
1387	0.964576
1387.5	0.98448
1388	0.998057
1388.5	0.997667
1389	0.978816
1389.5	1
1390	1
1390.5	0
1391	0
1391.5	0
1392	0
1392.5	0
1393	0
1393.5	0
1394	0
1394.5	0
1395	0.982359
1395.5	0.998686
1396	0.997057
1396.5	0.982537
1397	0.963015
1397.5	0.946734
1398	0.94074
1398.5	0.948655
1399	0.966033
1399.5	0.985412
1400	0.998367
1400.5	0.997309
1401	0.977798
1401.5	1
1402	1
1402.5	0
1403	0
1403.5	0
1404	0
1404.5	0
1405	0
1405.5	0
1406	0
1406.5	0
1407	0.981566
1407.5	0.998455
1408	0.997397
1408.5	0.983451
1409	0.96441
1409.5	0.948506
1410	0.942658
1410.5	0.95043
1411	0.96744
1411.5	0.986302
1412	0.998647
1412.5	0.996932
1413	0.976773
1413.5	1
1414	1
1414.5	1
1415	0
1415.5	0
1416	0
1416.5	0
1417	0
1417.5	0
1418	0
1418.5	0
1419	0.980762
1419.5	0.998207
1420	0.997716
1420.5	0.984315
1421	0.965763
1421.5	0.950229
1422	0.944523
1422.5	0.952151
1423	0.968798
1423.5	0.987151
1424	0.998897
1424.5	0.996537
1425	0.975742
1425.5	1
1426	1
1426.5	1
1427	0
1427.5	0
1428	0
1428.5	0
1429	0
1429.5	0
1430	0
1430.5	0
1431	0.979948
1431.5	0.997943
1432	0.998009
1432.5	0.985147
1433	0.967076
1433.5	0.951903
1434	0.946333
1434.5	0.953818
1435	0.970108
1435.5	0.987961
1436	0.999117
1436.5	0.995944
1437	0.974263
1437.5	1
1438	1
1438.5	1
1439	0
1439.5	0
1440	0
1440.5	0
1441	0
1441.5	0
1442	0
1442.5	0
1443	0.978798
1443.5	0.997547
1444	0.998376
1444.5	0.986211
1445	0.968669
1445.5	0.95369
1446	0.948101
1446.5	0.955757
1447	0.971789
1447.5	0.989026
1448	0.999383
1448.5	0.99551
1449	0.973222
1449.5	1
1450	1
1450.5	1
1451	0
1451.5	0
1452	0
1452.5	0
1453	0
1453.5	0
1454	0
1454.5	0
1455	0.977964
1455.5	0.997248
1456	0.998615
1456.5	0.986972
1457	0.969893
1457.5	0.955265
1458	0.949805
1458.5	0.957314
1459	0.972993
1459.5	0.989747
1460	0.99954
1460.5	0.995062
1461	0.97218
1461.5	1
1462	1
1462.5	1
1463	0
1463.5	0
1464	0
1464.5	0
1465	0
1465.5	0
1466	0
1466.5	0
1467	0.977123
1467.5	0.996926
1468	0.998835
1468.5	0.987703
1469	0.971078
1469.5	0.956792
1470	0.951457
1470.5	0.958819
1471	0.974152
1471.5	0.990431
1472	0.999671
1472.5	0.994601
1473	0.971138
1473.5	1
1474	1
1474.5	1
1475	0
1475.5	0
1476	0
1476.5	0
1477	0
1477.5	0
1478	0
1478.5	0
1479	0.976275
1479.5	0.996608
1480	0.999031
1480.5	0.988403
1481	0.972224
1481.5	0.958271
1482	0.953058
1482.5	0.960274
1483	0.975267
1483.5	0.991081
1484	0.999778
1484.5	0.99413
1485	0.970098
1485.5	1
1486	1
1486.5	1
1487	0
1487.5	0
1488	0
1488.5	0
1489	0
1489.5	0
1490	0
1490.5	0
1491	0.97542
1491.5	0.996269
1492	0.999208
1492.5	0.989062
1493	0.973332
1493.5	0.959704
1494	0.954608
1494.5	0.96168
1495	0.976338
1495.5	0.991697
1496	0.999863
1496.5	0.993649
1497	0.96906
1497.5	1
1498	1
1498.5	1
1499	0
1499.5	0
1500	0
1500.5	0
1501	0
1501.5	0
1502	0
1502.5	0
1503	0.974561
1503.5	0.995919
1504	0.999366
1504.5	0.989719
1505	0.974402
1505.5	0.961091
1506	0.956108
1506.5	0.963036
1507	0.977366
1507.5	0.992279
1508	0.999927
1508.5	0.993159
1509	0.968027
1509.5	1
1510	1
1510.5	1
1511	0
1511.5	0
1512	0
1512.5	0
1513	0
1513.5	0
1514	0
1514.5	0
1515	0.973697
1515.5	0.995557
1516	0.999504
1516.5	0.990334
1517	0.975434
1517.5	0.962433
1518	0.957558
1518.5	0.964344
1519	0.978354
1519.5	0.992829
1520	0.99997
1520.5	0.992663
1521	0.967
1521.5	1
1522	1
1522.5	1
1523	0
1523.5	0
1524	0
1524.5	0
1525	0
1525.5	0
1526	0
1526.5	0
1527	0.972829
1527.5	0.995185
1528	0.999624
1528.5	0.990922
1529	0.97643
1529.5	0.96373
1530	0.95896
1530.5	0.965606
1531	0.9793
1531.5	0.993349
1532	0.999994
1532.5	0.99216
1533	0.96598
1533.5	1
1534	1
1534.5	1
1535	0
1535.5	0
1536	0
1536.5	0
1537	0
1537.5	0
1538	0
1538.5	0
1539	0.971957
1539.5	0.994801
1540	0.999726
1540.5	0.991484
1541	0.977391
1541.5	0.964983
1542	0.960314
1542.5	0.966821
1543	0.980207
1543.5	0.993839
1544	1
1544.5	0.991654
1545	0.964969
1545.5	1
1546	1
1546.5	1
1547	0
1547.5	0
1548	0
1548.5	0
1549	0
1549.5	0
1550	0
1550.5	0
1551	0.971083
1551.5	0.994409
1552	0.999811
1552.5	0.99202
1553	0.978316
1553.5	0.966193
1554	0.961622
1554.5	0.96799
1555	0.981076
1555.5	0.994299
1556	0.999989
1556.5	0.991143
1557	0.963967
1557.5	1
1558	1
1558.5	1
1559	0
1559.5	0
1560	0
1560.5	0
1561	0
1561.5	0
1562	0
1562.5	0
1563	0.970208
1563.5	0.994009
1564	0.999879
1564.5	0.99253
1565	0.979207
1565.5	0.967361
1566	0.962883
1566.5	0.969116
1567	0.981907
1567.5	0.994733
1568	0.999963
1568.5	0.990631
1569	0.962977
1569.5	1
1570	1
1570.5	1
1571	0
1571.5	0
1572	0
1572.5	0
1573	0
1573.5	0
1574	0
1574.5	0
1575	0.969331
1575.5	0.993603
1576	0.999931
1576.5	0.993016
1577	0.980064
1577.5	0.968487
1578	0.964099
1578.5	0.970197
1579	0.982701
1579.5	0.995139
1580	0.999922
1580.5	0.990119
1581	0.961999
1581.5	1
1582	1
1582.5	0
1583	0
1583.5	0
1584	0
1584.5	0
1585	0
1585.5	0
1586	0
1586.5	0
1587	0.968454
1587.5	0.993184
1588	0.999969
1588.5	0.993478
1589	0.980889
1589.5	0.969572
1590	0.965271
1590.5	0.971236
1591	0.983459
1591.5	0.99552
1592	0.999869
1592.5	0.989606
1593	0.961035
1593.5	1
1594	1
1594.5	1
1595	0
1595.5	0
1596	0
1596.5	0
1597	0
1597.5	0
1598	0
1598.5	0
1599	0.967579
1599.5	0.992765
1600	0.999991
1600.5	0.993916
1601	0.981681
1601.5	0.970617
1602	0.966398
1602.5	0.972234
1603	0.984183
1603.5	0.995876
1604	0.999802
1604.5	0.989096
1605	0.960086
1605.5	1
1606	1
1606.5	0
1607	0
1607.5	0
1608	0
1608.5	0
1609	0
1609.5	0
1610	0
1610.5	0
1611	0.966704
1611.5	0.99234
1612	1
1612.5	0.994332
1613	0.982441
1613.5	0.971623
1614	0.967484
1614.5	0.97319
1615	0.984873
1615.5	0.996209
1616	0.999725
1616.5	0.988588
1617	0.959153
1617.5	1
1618	1
1618.5	0
1619	0
1619.5	0
1620	0
1620.5	0
1621	0
1621.5	0
1622	0
1622.5	0
1623	0.965833
1623.5	0.991909
1624	0.999995
1624.5	0.994725
1625	0.98317
1625.5	0.972591
1626	0.968527
1626.5	0.974107
1627	0.985531
1627.5	0.996519
1628	0.999638
1628.5	0.988085
1629	0.958238
1629.5	1
1630	1
1630.5	1
1631	0
1631.5	0
1632	0
1632.5	0
1633	0
1633.5	0
1634	0
1634.5	0
1635	0.964965
1635.5	0.991473
1636	0.999978
1636.5	0.995097
1637	0.98387
1637.5	0.973521
1638	0.969529
1638.5	0.974986
1639	0.986157
1639.5	0.996808
1640	0.999542
1640.5	0.987587
1641	0.957342
1641.5	1
1642	1
1642.5	1
1643	0
1643.5	0
1644	0
1644.5	0
1645	0
1645.5	0
1646	0
1646.5	0
1647	0.964101
1647.5	0.991035
1648	0.99995
1648.5	0.995449
1649	0.984539
1649.5	0.974414
1650	0.970491
1650.5	0.975826
1651	0.986752
1651.5	0.997076
1652	0.99944
1652.5	0.987095
1653	0.956465
1653.5	1
1654	1
1654.5	0
1655	0
1655.5	0
1656	0
1656.5	0
1657	0
1657.5	0
1658	0
1658.5	0
1659	0
1659.5	0
1660	0
1660.5	0.99578
1661	0.98506
1661.5	0.97527
1662	0.969891
1662.5	0.976092
1663	0.987317
1663.5	0.997325
1664	0.999328
1664.5	0.98661
1665	0.729945
1665.5	0
1666	0
1666.5	0
1667	0
1667.5	0
1668	0
1668.5	0
1669	0
1669.5	0
1670	0
1670.5	0
1671	0.96239
1671.5	0.990148
1672	0.99986
1672.5	0.996093
1673	0.985793
1673.5	0.976092
1674	0.972299
1674.5	0.977397
1675	0.987854
1675.5	0.997556
1676	0.999212
1676.5	0.986134
1677	0.954775
1677.5	1
1678	1
1678.5	1
1679	0
1679.5	0
1680	0
1680.5	0
1681	0
1681.5	0
1682	0
1682.5	0
1683	0.961545
1683.5	0.989707
1684	0.9998
1684.5	0.996386
1685	0.986378
1685.5	0.976878
1686	0.973146
1686.5	0.978129
1687	0.988362
1687.5	0.997769
1688	0.999091
1688.5	0.985667
1689	0.953964
1689.5	1
1690	1
1690.5	1
1691	0
1691.5	0
1692	0
1692.5	0
1693	0
1693.5	0
1694	0
1694.5	0
1695	0.960708
1695.5	0.989264
1696	0.999731
1696.5	0.996662
1697	0.986937
1697.5	0.977631
1698	0.973956
1698.5	0.978827
1699	0.988844
1699.5	0.997965
1700	0.998967
1700.5	0.98521
1701	0.953177
1701.5	1
1702	1
1702.5	1
1703	0
1703.5	0
1704	0
1704.5	0
1705	0
1705.5	0
1706	0
1706.5	0
1707	0.959881
1707.5	0.988822
1708	0.999654
1708.5	0.99692
1709	0.98747
1709.5	0.978351
1710	0.974731
1710.5	0.979492
1711	0.9893
1711.5	0.998146
1712	0.998839
1712.5	0.984765
1713	0.952415
1713.5	1
1714	1
1714.5	1
1715	0
1715.5	0
1716	0
1716.5	0
1717	0
1717.5	0
1718	0
1718.5	0
1719	0.959064
1719.5	0.988381
1720	0.99957
1720.5	0.997161
1721	0.987977
1721.5	0.979038
1722	0.975471
1722.5	0.980125
1723	0.98973
1723.5	0.998312
1724	0.99871
1724.5	0.984332
1725	0.951678
1725.5	1
1726	1
1726.5	1
1727	0
1727.5	0
1728	0
1728.5	0
1729	0
1729.5	0
1730	0
1730.5	0
1731	0.958258
1731.5	0.987941
1732	0.999479
1732.5	0.997387
1733	0.98846
1733.5	0.979694
1734	0.976176
1734.5	0.980727
1735	0.990137
1735.5	0.998465
1736	0.998579
1736.5	0.983912
1737	0.950968
1737.5	1
1738	1
1738.5	1
1739	0
1739.5	0
1740	0
1740.5	0
1741	0
1741.5	0
1742	0
1742.5	0
1743	0.957464
1743.5	0.987472
1744	0.999383
1744.5	0.997597
1745	0.988918
1745.5	0.980318
1746	0.976848
1746.5	0.981297
1747	0.99052
1747.5	0.998604
1748	0.998448
1748.5	0.983506
1749	0.950285
1749.5	1
1750	1
1750.5	1
1751	0
1751.5	0
1752	0
1752.5	0
1753	0
1753.5	0
1754	0
1754.5	0
1755	0.956684
1755.5	0.987075
1756	0.99928
1756.5	0.997792
1757	0.989353
1757.5	0.980912
1758	0.977488
1758.5	0.981839
1759	0.99088
1759.5	0.998731
1760	0.998318
1760.5	0.983114
1761	0.949631
1761.5	1
1762	1
1762.5	0
1763	0
1763.5	0
1764	0
1764.5	0
1765	0
1765.5	0
1766	0
1766.5	0
1767	0.955919
1767.5	0.986649
1768	0.999173
1768.5	0.997974
1769	0.989766
1769.5	0.981477
1770	0.978096
1770.5	0.982351
1771	0.991219
1771.5	0.998847
1772	0.998189
1772.5	0.982738
1773	0.949005
1773.5	1
1774	1
1774.5	1
1775	0
1775.5	0
1776	0
1776.5	0
1777	0
1777.5	0
1778	0
1778.5	1
1779	0.955169
1779.5	0.986228
1780	0.999063
1780.5	0.998142
1781	0.990156
1781.5	0.982013
1782	0.978674
1782.5	0.982835
1783	0.991536
1783.5	0.998952
1784	0.998062
1784.5	0.982378
1785	0.948408
1785.5	1
1786	1
1786.5	1
1787	0
1787.5	0
1788	0
1788.5	0
1789	0
1789.5	0
1790	0
1790.5	1
1791	0.954435
1791.5	0.985815
1792	0.998949
1792.5	0.998298
1793	0.990526
1793.5	0.982521
1794	0.979221
1794.5	0.983292
1795	0.991834
1795.5	0.999047
1796	0.997937
1796.5	0.982034
1797	0.947842
1797.5	1
1798	1
1798.5	1
1799	0
1799.5	0
1800	0
1800.5	0
1801	0
1801.5	0
1802	0
1802.5	1
1803	0.953719
1803.5	0.985409
1804	0.998834
1804.5	0.998441
1805	0.990874
1805.5	0.983002
1806	0.979738
1806.5	0.983722
1807	0.992111
1807.5	0.999133
1808	0.997817
1808.5	0.981682
1809	0.947268
1809.5	1
1810	1
1810.5	1
1811	0
1811.5	0
1812	0
1812.5	0
1813	0
1813.5	0
1814	0
1814.5	1
1815	0.952959
1815.5	0.984977
1816	0.998706
1816.5	0.998585
1817	0.991229
1817.5	0.983483
1818	0.980226
1818.5	0.984138
1819	0.992385
1819.5	0.999216
1820	0.997691
1820.5	0.981376
1821	0.946767
1821.5	1
1822	1
1822.5	1
1823	0
1823.5	0
1824	0
1824.5	0
1825	0
1825.5	0
1826	0
1826.5	1
1827	0.952282
1827.5	0.984587
1828	0.998587
1828.5	0.998705
1829	0.991536
1829.5	0.98391
1830	0.980687
1830.5	0.984514
1831	0.992623
1831.5	0.999285
1832	0.99758
1832.5	0.981088
1833	0.946299
1833.5	1
1834	1
1834.5	1
1835	0
1835.5	0
1836	0
1836.5	0
1837	0
1837.5	0
1838	0
1838.5	1
1839	0.951624
1839.5	0.98421
1840	0.998468
1840.5	0.998816
1841	0.991825
1841.5	0.984312
1842	0.98112
1842.5	0.984866
1843	0.992844
1843.5	0.999346
1844	0.997474
1844.5	0.98082
1845	0.945864
1845.5	1
1846	1
1846.5	1
1847	0
1847.5	0
1848	0
1848.5	0
1849	0
1849.5	0
1850	0
1850.5	0
1851	0.950988
1851.5	0.983842
1852	0.99835
1852.5	0.998917
1853	0.992097
1853.5	0.984689
1854	0.981527
1854.5	0.985194
1855	0.993049
1855.5	0.999401
1856	0.997374
1856.5	0.980571
1857	0.945462
1857.5	1
1858	1
1858.5	1
1859	0
1859.5	0
1860	0
1860.5	0
1861	0
1861.5	0
1862	0
1862.5	1
1863	0.950372
1863.5	0.983483
1864	0.998232
1864.5	0.99901
1865	0.99235
1865.5	0.985043
1866	0.981907
1866.5	0.985498
1867	0.993236
1867.5	0.99945
1868	0.99728
1868.5	0.980342
1869	0.945093
1869.5	1
1870	1
1870.5	1
1871	0
1871.5	0
1872	0
1872.5	0
1873	0
1873.5	0
1874	0
1874.5	1
1875	0.94978
1875.5	0.983139
1876	0.998116
1876.5	0.999094
1877	0.992587
1877.5	0.985373
1878	0.982262
1878.5	0.985779
1879	0.993408
1879.5	0.999493
1880	0.997192
1880.5	0.980133
1881	0.944758
1881.5	1
1882	1
1882.5	1
1883	0
1883.5	0
1884	0
1884.5	0
1885	0
1885.5	0
1886	0
1886.5	1
1887	0.949211
1887.5	0.982804
1888	0.998002
1888.5	0.99917
1889	0.992807
1889.5	0.98568
1890	0.982591
1890.5	0.986038
1891	0.993564
1891.5	0.999531
1892	0.997112
1892.5	0.979944
1893	0.944456
1893.5	1
1894	1
1894.5	1
1895	0
1895.5	0
1896	0
1896.5	0
1897	0
1897.5	0
1898	0
1898.5	1
1899	0.948666
1899.5	0.982484
1900	0.997891
1900.5	0.999239
1901	0.993011
1901.5	0.985964
1902	0.982896
1902.5	0.986275
1903	0.993705
1903.5	0.999564
1904	0.997039
1904.5	0.979776
1905	0.944189
1905.5	1
1906	1
1906.5	1
1907	0
1907.5	0
1908	0
1908.5	0
1909	0
1909.5	0
1910	0
1910.5	1
1911	0.948146
1911.5	0.982178
1912	0.997783
1912.5	0.999302
1913	0.993199
1913.5	0.986227
1914	0.983177
1914.5	0.98649
1915	0.993832
1915.5	0.999592
1916	0.996974
1916.5	0.979629
1917	0.943956
1917.5	1
1918	1
1918.5	1
1919	0
1919.5	0
1920	0
1920.5	0
1921	0
1921.5	0
1922	0
1922.5	1
1923	0.947652
1923.5	0.981886
1924	0.99768
1924.5	0.999358
1925	0.993372
1925.5	0.986467
1926	0.983435
1926.5	0.986685
1927	0.993945
1927.5	0.999616
1928	0.996917
1928.5	0.979503
1929	0.943757
1929.5	1
1930	1
1930.5	1
1931	0
1931.5	0
1932	0
1932.5	0
1933	0
1933.5	0
1934	0
1934.5	1
1935	0.947186
1935.5	0.98161
1936	0.99758
1936.5	0.999408
1937	0.99353
1937.5	0.986687
1938	0.983669
1938.5	0.986859
1939	0.994044
1939.5	0.999637
1940	0.996868
1940.5	0.979398
1941	0.943592
1941.5	1
1942	1
1942.5	1
1943	0
1943.5	0
1944	0
1944.5	0
1945	0
1945.5	0
1946	0
1946.5	1
1947	0.946746
1947.5	0.981349
1948	0.997486
1948.5	0.999452
1949	0.993674
1949.5	0.986886
1950	0.983881
1950.5	0.987013
1951	0.994129
1951.5	0.999654
1952	0.996827
1952.5	0.979314
1953	0.943461
1953.5	1
1954	1
1954.5	1
1955	0
1955.5	0
1956	0
1956.5	0
1957	0
1957.5	0
1958	0
1958.5	1
1959	0.946336
1959.5	0.9811
1960	0.997396
1960.5	0.999492
1961	0.993804
1961.5	0.987064
1962	0.98407
1962.5	0.987147
1963	0.994201
1963.5	0.999668
1964	0.996795
1964.5	0.979252
1965	0.943365
1965.5	1
1966	1
1966.5	1
1967	0
1967.5	0
1968	0
1968.5	0
1969	0
1969.5	0
1970	0
1970.5	1
1971	0.945954
1971.5	0.980873
1972	0.997313
1972.5	0.999526
1973	0.99392
1973.5	0.987222
1974	0.984237
1974.5	0.987262
1975	0.994261
1975.5	0.999678
1976	0.996771
1976.5	0.97921
1977	0.943302
1977.5	1
1978	1
1978.5	1
1979	0
1979.5	0
1980	0
1980.5	0
1981	0
1981.5	0
1982	0
1982.5	1
1983	0.945602
1983.5	0.980668
1984	0.997236
1984.5	0.999557
1985	0.994022
1985.5	0.98736
1986	0.984382
1986.5	0.987358
1987	0.994308
1987.5	0.999686
1988	0.996756
1988.5	0.97919
1989	0.943274
1989.5	1
1990	1
1990.5	1
1991	0
1991.5	0
1992	0
1992.5	0
1993	0
1993.5	0
1994	0
1994.5	1
1995	0.94528
1995.5	0.980477
1996	0.997165
1996.5	0.999583
1997	0.994112
1997.5	0.987479
1998	0.984505
1998.5	0.987434
1999	0.994342
1999.5	0.999691
2000	0.996749
2000.5	0.97919
2001	0.943279
2001.5	1
2002	1
2002.5	1
2003	0
2003.5	0
2004	0
2004.5	0
2005	0
2005.5	0
2006	0
2006.5	1
2007	0.944989
2007.5	0.980303
2008	0.997102
2008.5	0.999605
2009	0.994188
2009.5	0.987577
2010	0.984607
2010.5	0.987492
2011	0.994364
2011.5	0.999693
2012	0.996751
2012.5	0.979211
2013	0.943318
2013.5	1
2014	1
2014.5	1
2015	0
2015.5	0
2016	0
2016.5	0
2017	0
2017.5	0
2018	0
2018.5	1
2019	0.94473
2019.5	0.980151
2020	0.997045
2020.5	0.999624
2021	0.994251
2021.5	0.987657
2022	0.984688
2022.5	0.987531
2023	0.994374
2023.5	0.999692
2024	0.996762
2024.5	0.979253
2025	0.94339
2025.5	1
2026	1
2026.5	1
2027	0
2027.5	0
2028	0
2028.5	0
2029	0
2029.5	0
2030	0
2030.5	1
2031	0.944503
2031.5	0.980014
2032	0.996997
2032.5	0.999639
2033	0.994302
2033.5	0.987718
2034	0.984747
2034.5	0.987552
2035	0.994372
2035.5	0.999688
2036	0.996781
2036.5	0.979316
2037	0.943495
2037.5	1
2038	1
2038.5	1
2039	0
2039.5	0
2040	0
2040.5	0
2041	0
2041.5	0
2042	0
2042.5	1
2043	0.944308
2043.5	0.9799
2044	0.996956
2044.5	0.999651
2045	0.99434
2045.5	0.987759
2046	0.984786
2046.5	0.987555
2047	0.994357
2047.5	0.999682
2048	0.996808
2048.5	0.979398
2049	0.943632
2049.5	1
2050	1
2050.5	1
2051	0
2051.5	0
2052	0
2052.5	0
2053	0
2053.5	0
2054	0
2054.5	1
2055	0.944147
2055.5	0.979803
2056	0.996923
2056.5	0.99966
2057	0.994366
2057.5	0.987782
2058	0.984803
2058.5	0.987539
2059	0.994331
2059.5	0.999673
2060	0.996844
2060.5	0.9795
2061	0.943802
2061.5	1
2062	1
2062.5	1
2063	0
2063.5	0
2064	0
2064.5	0
2065	0
2065.5	0
2066	0
2066.5	1
2067	0.944018
2067.5	0.979728
2068	0.996899
2068.5	0.999666
2069	0.994379
2069.5	0.987785
2070	0.9848
2070.5	0.987504
2071	0.994292
2071.5	0.999661
2072	0.996887
2072.5	0.979623
2073	0.944004
2073.5	1
2074	1
2074.5	1
2075	0
2075.5	0
2076	0
2076.5	0
2077	0
2077.5	0
2078	0
2078.5	1
2079	0.943923
2079.5	0.979673
2080	0.996882
2080.5	0.999669
2081	0.99438
2081.5	0.98777
2082	0.984775
2082.5	0.987452
2083	0.994241
2083.5	0.999646
2084	0.996939
2084.5	0.979764
2085	0.944238
2085.5	1
2086	1
2086.5	1
2087	0
2087.5	0
2088	0
2088.5	0
2089	0
2089.5	0
2090	0
2090.5	1
2091	0.943861
2091.5	0.979638
2092	0.996875
2092.5	0.999669
2093	0.994369
2093.5	0.987736
2094	0.984729
2094.5	0.987381
2095	0.994178
2095.5	0.999627
2096	0.996997
2096.5	0.979924
2097	0.944503
2097.5	1
2098	1
2098.5	1
2099	0
2099.5	0
2100	0
2100.5	0
2101	0
2101.5	0
2102	0
2102.5	0
2103	0.943834
2103.5	0.979625
2104	0.996875
2104.5	0.999666
2105	0.994345
2105.5	0.987683
2106	0.984663
2106.5	0.987291
2107	0.994102
2107.5	0.999605
2108	0.997064
2108.5	0.980103
2109	0.944798
2109.5	1
2110	1
2110.5	1
2111	0
2111.5	0
2112	0
2112.5	0
2113	0
2113.5	0
2114	0
2114.5	1
2115	0.943841
2115.5	0.979632
2116	0.996884
2116.5	0.99966
2117	0.994309
2117.5	0.987612
2118	0.984574
2118.5	0.987183
2119	0.994013
2119.5	0.999579
2120	0.997136
2120.5	0.9803
2121	0.945123
2121.5	1
2122	1
2122.5	1
2123	0
2123.5	0
2124	0
2124.5	0
2125	0
2125.5	0
2126	0
2126.5	0
2127	0.943882
2127.5	0.979661
2128	0.996902
2128.5	0.999652
2129	0.99426
2129.5	0.987521
2130	0.984465
2130.5	0.987055
2131	0.993912
2131.5	0.99955
2132	0.997216
2132.5	0.980515
2133	0.945478
2133.5	1
2134	1
2134.5	1
2135	0
2135.5	0
2136	0
2136.5	0
2137	0
2137.5	0
2138	0
2138.5	0
2139	0.943957
2139.5	0.979711
2140	0.996929
2140.5	0.99964
2141	0.994198
2141.5	0.98741
2142	0.984333
2142.5	0.986909
2143	0.993797
2143.5	0.999516
2144	0.997302
2144.5	0.980747
2145	0.945863
2145.5	1
2146	1
2146.5	1
2147	0
2147.5	0
2148	0
2148.5	0
2149	0
2149.5	0
2150	0
2150.5	0
2151	0
2151.5	0.979726
2152	0.996968
2152.5	0.999624
2153	0.994124
2153.5	0.987281
2154	0.98418
2154.5	0.986743
2155	0.993669
2155.5	0.999477
2156	0.997393
2156.5	0.980995
2157	0.946275
2157.5	1
2158	1
2158.5	1
2159	0
2159.5	0
2160	0
2160.5	0
2161	0
2161.5	0
2162	0
2162.5	0
2163	0.944211
2163.5	0.979844
2164	0.99701
2164.5	0.999606
2165	0.994036
2165.5	0.987131
2166	0.984005
2166.5	0.986558
2167	0.993527
2167.5	0.999434
2168	0.99749
2168.5	0.981282
2169	0.946754
2169.5	1
2170	1
2170.5	1
2171	0
2171.5	0
2172	0
2172.5	0
2173	0
2173.5	0
2174	0
2174.5	0
2175	0.944381
2175.5	0.979981
2176	0.997057
2176.5	0.999584
2177	0.993936
2177.5	0.986968
2178	0.983808
2178.5	0.986334
2179	0.993358
2179.5	0.999381
2180	0.997599
2180.5	0.981562
2181	0.947221
2181.5	1
2182	1
2182.5	1
2183	0
2183.5	0
2184	0
2184.5	0
2185	0
2185.5	0
2186	0
2186.5	0
2187	0.944595
2187.5	0.980116
2188	0.997116
2188.5	0.999557
2189	0.99382
2189.5	0.986778
2190	0.983587
2190.5	0.986109
2191	0.993188
2191.5	0.999326
2192	0.997705
2192.5	0.981857
2193	0.947714
2193.5	1
2194	1
2194.5	1
2195	0
2195.5	0
2196	0
2196.5	0
2197	0
2197.5	0
2198	0
2198.5	0
2199	0.944844
2199.5	0.980272
2200	0.997183
2200.5	0.999526
2201	0.99369
2201.5	0.986566
2202	0.983343
2202.5	0.985863
2203	0.993003
2203.5	0.999265
2204	0.997815
2204.5	0.982166
2205	0.948232
2205.5	1
2206	1
2206.5	1
2207	0
2207.5	0
2208	0
2208.5	0
2209	0
2209.5	0
2210	0
2210.5	0
2211	0.945128
2211.5	0.980447
2212	0.997258
2212.5	0.999491
2213	0.993546
2213.5	0.986333
2214	0.983075
2214.5	0.985597
2215	0.992803
2215.5	0.999198
2216	0.997927
2216.5	0.982488
2217	0.948773
2217.5	1
2218	1
2218.5	1
2219	0
2219.5	0
2220	0
2220.5	0
2221	0
2221.5	0
2222	0
2222.5	0
2223	0.945446
2223.5	0.980638
2224	0.997339
2224.5	0.99945
2225	0.993386
2225.5	0.986078
2226	0.982783
2226.5	0.98531
2227	0.992588
2227.5	0.999123
2228	0.998043
2228.5	0.982823
2229	0.949339
2229.5	1
2230	1
2230.5	1
2231	0
2231.5	0
2232	0
2232.5	0
2233	0
2233.5	0
2234	0
2234.5	0
2235	0.945797
2235.5	0.980855
2236	0.997428
2236.5	0.999404
2237	0.993211
2237.5	0.985801
2238	0.982466
2238.5	0.985002
2239	0.992358
2239.5	0.999041
2240	0.99816
2240.5	0.98317
2241	0.949926
2241.5	1
2242	1
2242.5	1
2243	0
2243.5	0
2244	0
2244.5	0
2245	0
2245.5	0
2246	0
2246.5	0
2247	0.946183
2247.5	0.981096
2248	0.997525
2248.5	0.999352
2249	0.993019
2249.5	0.985501
2250	0.982125
2250.5	0.984672
2251	0.99211
2251.5	0.998951
2252	0.998279
2252.5	0.983529
2253	0.950535
2253.5	1
2254	1
2254.5	1
2255	0
2255.5	0
2256	0
2256.5	0
2257	0
2257.5	0
2258	0
2258.5	0
2259	0.946601
2259.5	0.981347
2260	0.997623
2260.5	0.999293
2261	0.992811
2261.5	0.985178
2262	0.981758
2262.5	0.984319
2263	0.991847
2263.5	0.998853
2264	0.998399
2264.5	0.983898
2265	0.951166
2265.5	1
2266	1
2266.5	1
2267	0
2267.5	0
2268	0
2268.5	0
2269	0
2269.5	0
2270	0
2270.5	0
2271	0.947052
2271.5	0.981616
2272	0.997731
2272.5	0.999227
2273	0.992586
2273.5	0.984831
2274	0.981364
2274.5	0.983944
2275	0.991566
2275.5	0.998746
2276	0.99852
2276.5	0.984277
2277	0.951816
2277.5	1
2278	1
2278.5	1
2279	0
2279.5	0
2280	0
2280.5	0
2281	0
2281.5	0
2282	0
2282.5	0
2283	0.947536
2283.5	0.981915
2284	0.99784
2284.5	0.999154
2285	0.992343
2285.5	0.98446
2286	0.980944
2286.5	0.983545
2287	0.991267
2287.5	0.998629
2288	0.99864
2288.5	0.984665
2289	0.952485
2289.5	1
2290	1
2290.5	1
2291	0
2291.5	0
2292	0
2292.5	0
2293	0
2293.5	0
2294	0
2294.5	0
2295	0.948051
2295.5	0.982206
2296	0.997955
2296.5	0.999072
2297	0.992082
2297.5	0.984064
2298	0.980496
2298.5	0.982524
2299	0.990951
2299.5	0.998502
2300	0.998759
2300.5	0.985062
2301	0.953172
2301.5	1
2302	1
2302.5	1
2303	0
2303.5	0
2304	0
2304.5	0
2305	0
2305.5	0
2306	0
2306.5	0
2307	0.948597
2307.5	0.982555
2308	0.998074
2308.5	0.998983
2309	0.991803
2309.5	0.983642
2310	0.98002
2310.5	0.982675
2311	0.990615
2311.5	0.998364
2312	0.998876
2312.5	0.985466
2313	0.953877
2313.5	1
2314	1
2314.5	1
2315	0
2315.5	0
2316	0
2316.5	0
2317	0
2317.5	0
2318	0
2318.5	0
2319	0.949174
2319.5	0.982901
2320	0.998196
2320.5	0.998883
2321	0.991503
2321.5	0.983194
2322	0.979516
2322.5	0.982203
2323	0.99026
2323.5	0.998215
2324	0.998992
2324.5	0.985878
2325	0.954599
2325.5	1
2326	1
2326.5	1
2327	0
2327.5	0
2328	0
2328.5	0
2329	0
2329.5	0
2330	0
2330.5	0
2331	0.949781
2331.5	0.983267
2332	0.998322
2332.5	0.998774
2333	0.991183
2333.5	0.982718
2334	0.978982
2334.5	0.981704
2335	0.989885
2335.5	0.998053
2336	0.999104
2336.5	0.986296
2337	0.955336
2337.5	1
2338	1
2338.5	1
2339	0
2339.5	0
2340	0
2340.5	0
2341	0
2341.5	0
2342	0
2342.5	0
2343	0.950417
2343.5	0.983621
2344	0.998449
2344.5	0.998653
2345	0.990842
2345.5	0.982216
2346	0.978418
2346.5	0.981179
2347	0.98949
2347.5	0.99788
2348	0.999213
2348.5	0.986719
2349	0.956087
2349.5	1
2350	1
2350.5	1
2351	0
2351.5	0
2352	0
2352.5	0
2353	0
2353.5	0
2354	0
2354.5	0
2355	0
2355.5	0
2356	0.998573
2356.5	0.99852
2357	0.990479
2357.5	0.981684
2358	0.977823
2358.5	0.980627
2359	0.989073
2359.5	0.997693
2360	0.999318
2360.5	0.987147
2361	0.956853
2361.5	1
2362	1
2362.5	1
2363	0
2363.5	0
2364	0
2364.5	0
2365	0
2365.5	0
2366	0
2366.5	0
2367	0
2367.5	0.984399
2368	0
2368.5	0.998376
2369	0.990094
2369.5	0.980674
2370	0.977197
2370.5	0.980047
2371	0.988635
2371.5	0.997493
2372	0.999418
2372.5	0.98758
2373	0.957631
2373.5	1
2374	1
2374.5	1
2375	0
2375.5	0
2376	0
2376.5	0
2377	0
2377.5	0
2378	0
2378.5	0
2379	0.952492
2379.5	0.984852
2380	0.998828
2380.5	0.998218
2381	0.989686
2381.5	0.980534
2382	0.976538
2382.5	0.979439
2383	0.988174
2383.5	0.997278
2384	0.999512
2384.5	0.988015
2385	0.958422
2385.5	0
2386	0
2386.5	0
2387	0
2387.5	0
2388	0
2388.5	0
2389	0
2389.5	0
2390	0
2390.5	0
2391	0.953236
2391.5	0.985271
2392	0.998953
2392.5	0.998046
2393	0.989253
2393.5	0.979912
2394	0.975847
2394.5	0.978801
2395	0.987691
2395.5	0.997048
2396	0.9996
2396.5	0.988453
2397	0.959223
2397.5	1
2398	1
2398.5	0
2399	0
2399.5	0
2400	0
2400.5	0
2401	0
2401.5	0
2402	0
2402.5	0
2403	0.954006
2403.5	0.985696
2404	0.999074
2404.5	0.997859
2405	0.988795
2405.5	0.978632
2406	0.975121
2406.5	0.978133
2407	0.987184
2407.5	0.996803
2408	0.999681
2408.5	0.988893
2409	0.960034
2409.5	1
2410	1
2410.5	1
2411	0
2411.5	0
2412	0
2412.5	0
2413	0
2413.5	0
2414	0
2414.5	0
2415	0.9548
2415.5	0.986181
2416	0.999194
2416.5	0.997657
2417	0.988311
2417.5	0.978575
2418	0.974361
2418.5	0.977434
2419	0.986652
2419.5	0.996541
2420	0.999755
2420.5	0.989334
2421	0.960855
2421.5	1
2422	1
2422.5	1
2423	0
2423.5	0
2424	0
2424.5	0
2425	0
2425.5	0
2426	0
2426.5	0
2427	0.955617
2427.5	0.986616
2428	0.999308
2428.5	0.997437
2429	0.987766
2429.5	0.977856
2430	0.973565
2430.5	0.976704
2431	0.986096
2431.5	0.996262
2432	0.99982
2432.5	0.989774
2433	0.961683
2433.5	1
2434	1
2434.5	0
2435	0
2435.5	0
2436	0
2436.5	0
2437	0
2437.5	0
2438	0
2438.5	0
2439	0.956456
2439.5	0.987089
2440	0.999417
2440.5	0.997189
2441	0.987262
2441.5	0.977103
2442	0.972733
2442.5	0.975942
2443	0.985515
2443.5	0.995967
2444	0.999876
2444.5	0.990214
2445	0.962518
2445.5	1
2446	1
2446.5	1
2447	0
2447.5	0
2448	0
2448.5	0
2449	0
2449.5	0
2450	0
2450.5	0
2451	0.957317
2451.5	0.98757
2452	0.999521
2452.5	0
2453	0
2453.5	0.976315
2454	0.971863
2454.5	0.974302
2455	0.984907
2455.5	0.995653
2456	0.999922
2456.5	0.990653
2457	0.963359
2457.5	1
2458	1
2458.5	1
2459	0
2459.5	0
2460	0
2460.5	0
2461	0
2461.5	0
2462	0
2462.5	0
2463	0.958198
2463.5	0.988085
2464	0.999617
2464.5	0.996668
2465	0.986098
2465.5	0.975491
2466	0.970956
2466.5	0.974318
2467	0.984273
2467.5	0.99532
2468	0.999959
2468.5	0.991089
2469	0.964206
2469.5	1
2470	1
2470.5	1
2471	0
2471.5	0
2472	0
2472.5	0
2473	0
2473.5	0
2474	0
2474.5	0
2475	0.959098
2475.5	0.988567
2476	0.999705
2476.5	0.996371
2477	0.985471
2477.5	0.97463
2478	0.97001
2478.5	0.973455
2479	0.983612
2479.5	0.994968
2480	0.999984
2480.5	0.991522
2481	0.965056
2481.5	1
2482	1
2482.5	1
2483	0
2483.5	0
2484	0
2484.5	0
2485	0
2485.5	0
2486	0
2486.5	0
2487	0.960016
2487.5	0.989081
2488	0.999783
2488.5	0.996053
2489	0.984812
2489.5	0.973731
2490	0.969024
2490.5	0.972558
2491	0.982923
2491.5	0.994597
2492	0.999998
2492.5	0.991951
2493	0.96591
2493.5	1
2494	0
2494.5	0
2495	0
2495.5	0
2496	0
2496.5	0
2497	0
2497.5	0
2498	0
2498.5	0
2499	0.960951
2499.5	0.989552
2500	0
2500.5	0.995712
2501	0.98412
2501.5	0.972062
2502	0.967997
2502.5	0.971624
2503	0.982206
2503.5	0.994205
2504	0.999999
2504.5	0.992376
2505	0.966767
2505.5	1
2506	1
2506.5	1
2507	0
2507.5	0
2508	0
2508.5	0
2509	0
2509.5	0
2510	0
2510.5	0
2511	0.961902
2511.5	0.990056
2512	0.999908
2512.5	0.995346
2513	0.983395
2513.5	0.971815
2514	0.966929
2514.5	0.970653
2515	0.981459
2515.5	0.993792
2516	0.999988
2516.5	0.992796
2517	0.967625
2517.5	1
2518	0.80795
2518.5	0
2519	0
2519.5	0
2520	0
2520.5	0
2521	0
2521.5	0
2522	0
2522.5	0
2523	0
2523.5	0.990562
2524	0.999952
2524.5	0.994955
2525	0.982531
2525.5	0.970797
2526	0.965819
2526.5	0.969646
2527	0.980683
2527.5	0.993358
2528	0.999963
2528.5	0.99321
2529	0.968483
2529.5	1
2530	0
2530.5	0
2531	0
2531.5	0
2532	0
2532.5	0
2533	0
2533.5	0
2534	0
2534.5	0
2535	0.963845
2535.5	0.991067
2536	0.999983
2536.5	0.994543
2537	0.98184
2537.5	0.969737
2538	0.964665
2538.5	0.9686
2539	0.979877
2539.5	0.992901
2540	0.999924
2540.5	0.99347
2541	0.969034
2541.5	1
2542	1
2542.5	0
2543	0
2543.5	0
2544	0
2544.5	0
2545	0
2545.5	0
2546	0
2546.5	0
2547	0.964481
2547.5	0.99141
2548	0.999995
2548.5	0.99425
2549	0.981251
2549.5	0.968833
2550	0.963471
2550.5	0.967661
2551	0.979266
2551.5	0.992579
2552	0.99989
2552.5	0.993874
2553	0.969893
2553.5	1
2554	0
2554.5	0
2555	0
2555.5	0
2556	0
2556.5	0
2557	0
2557.5	0
2558	0
2558.5	0
2559	0.965479
2559.5	0
2560	1
2560.5	0.993788
2561	0.980392
2561.5	0.967692
2562	0.962229
2562.5	0.966537
2563	0.978402
2563.5	0.992083
2564	0.999827
2564.5	0.994269
2565	0.970751
2565.5	1
2566	1
2566.5	1
2567	0
2567.5	0
2568	0
2568.5	0
2569	0
2569.5	0
2570	0
2570.5	0
2571	0.966486
2571.5	0.992414
2572	0.999988
2572.5	0.993298
2573	0.979494
2573.5	0.966507
2574	0.960942
2574.5	0.965372
2575	0.977506
2575.5	0.991563
2576	0.999747
2576.5	0.994657
2577	0.971607
2577.5	1
2578	1
2578.5	0
2579	0
2579.5	0
2580	0
2580.5	0
2581	0
2581.5	0
2582	0
2582.5	0
2583	0
2583.5	0
2584	0.999958
2584.5	0
2585	0
2585.5	0.965277
2586	0.959608
2586.5	0.964166
2587	0.976373
2587.5	0.991019
2588	0.999652
2588.5	0.995035
2589	0.972459
2589.5	1
2590	1
2590.5	1
2591	0
2591.5	0
2592	0
2592.5	0
2593	0
2593.5	0
2594	0
2594.5	0
2595	0.968525
2595.5	0.993392
2596	0.99991
2596.5	0.992227
2597	0.97758
2597.5	0.964001
2598	0.958227
2598.5	0.962918
2599	0.975615
2599.5	0.99045
2600	0.999539
2600.5	0.995404
2601	0.973308
2601.5	1
2602	1
2602.5	1
2603	0
2603.5	0
2604	0
2604.5	0
2605	0
2605.5	0
2606	0
2606.5	0
2607	0.969553
2607.5	0.993876
2608	0.999841
2608.5	0.991644
2609	0.976561
2609.5	0.962678
2610	0.956797
2610.5	0.961628
2611	0.974619
2611.5	0.989856
2612	0.99941
2612.5	0.995762
2613	0.974153
2613.5	1
2614	1
2614.5	1
2615	0
2615.5	0
2616	0
2616.5	0
2617	0
2617.5	0
2618	0
2618.5	0
2619	0.970586
2619.5	0.994345
2620	0.99975
2620.5	0.991028
2621	0.975501
2621.5	0.961306
2622	0.95532
2622.5	0.960293
2623	0.973589
2623.5	0.989236
2624	0.999262
2624.5	0.99611
2625	0.974993
2625.5	1
2626	1
2626.5	1
2627	0
2627.5	0
2628	0
2628.5	0
2629	0
2629.5	0
2630	0
2630.5	0
2631	0.971621
2631.5	0.994795
2632	0.999637
2632.5	0.990378
2633	0.974397
2633.5	0.959886
2634	0.953792
2634.5	0.958915
2635	0.972523
2635.5	0.98859
2636	0.999096
2636.5	0.996446
2637	0.975827
2637.5	1
2638	1
2638.5	1
2639	0
2639.5	0
2640	0
2640.5	0
2641	0
2641.5	0
2642	0
2642.5	0
2643	0
2643.5	0.995247
2644	0.999499
2644.5	0.989687
2645	0.973162
2645.5	0.958417
2646	0.952215
2646.5	0.957492
2647	0.971422
2647.5	0.987917
2648	0.998911
2648.5	0.996771
2649	0.976655
2649.5	1
2650	1
2650.5	0
2651	0
2651.5	0
2652	0
2652.5	0
2653	0
2653.5	0
2654	0
2654.5	0
2655	0.973693
2655.5	0
2656	0.999337
2656.5	0.988972
2657	0.972057
2657.5	0.956054
2658	0.950587
2658.5	0.956023
2659	0.970284
2659.5	0.987216
2660	0.998707
2660.5	0.997083
2661	0.977476
2661.5	1
2662	1
2662.5	0
2663	0
2663.5	0
2664	0
2664.5	0
2665	0
2665.5	0
2666	0
2666.5	0
2667	0.974728
2667.5	0.996118
2668	0.99915
2668.5	0.988214
2669	0.970819
2669.5	0.955326
2670	0.948907
2670.5	0.954508
2671	0.969109
2671.5	0.986488
2672	0.998482
2672.5	0.997382
2673	0.97829
2673.5	1
2674	1
2674.5	1
2675	0
2675.5	0
2676	0
2676.5	0
2677	0
2677.5	0
2678	0
2678.5	0
2679	0.975759
2679.5	0.996523
2680	0.998935
2680.5	0.987418
2681	0.969535
2681.5	0.953703
2682	0.947175
2682.5	0.952947
2683	0.967897
2683.5	0.985731
2684	0.998238
2684.5	0.997667
2685	0.979096
2685.5	1
2686	1
2686.5	0
2687	0
2687.5	0
2688	0
2688.5	0
2689	0
2689.5	0
2690	0
2690.5	0
2691	0.976787
2691.5	0.996917
2692	0.998691
2692.5	0.986583
2693	0.968203
2693.5	0.952028
2694	0.94539
2694.5	0.951337
2695	0.966646
2695.5	0.984945
2696	0.997972
2696.5	0.997939
2697	0.979893
2697.5	1
2698	1
2698.5	0
2699	0
2699.5	0
2700	0
2700.5	0
2701	0
2701.5	0
2702	0
2702.5	0
2703	0.977808
2703.5	0.997293
2704	0.998417
2704.5	0.985708
2705	0.966823
2705.5	0.950299
2706	0.943552
2706.5	0.94968
2707	0.965357
2707.5	0.98413
2708	0.997685
2708.5	0.998196
2709	0.980682
2709.5	1
2710	1
2710.5	0
2711	0
2711.5	0
2712	0
2712.5	0
2713	0
2713.5	0
2714	0
2714.5	0
2715	0
2715.5	0.99765
2716	0.99811
2716.5	0.984782
2717	0.965394
2717.5	0.948517
2718	0.941512
2718.5	0.947974
2719	0.964029
2719.5	0.983285
2720	0.997376
2720.5	0.998438
2721	0.981461
2721.5	1
2722	1
2722.5	1
2723	0
2723.5	0
2724	0
2724.5	0
2725	0
2725.5	0
2726	0
2726.5	0
2727	0.979827
2727.5	0.997987
2728	0.997774
2728.5	0.983824
2729	0.963915
2729.5	0.94668
2730	0.939714
2730.5	0.946219
2731	0.962662
2731.5	0.98241
2732	0.997045
2732.5	0.998664
2733	0.98223
2733.5	1
2734	1
2734.5	1
2735	0
2735.5	0
2736	0
2736.5	0
2737	0
2737.5	0
2738	0
2738.5	0
2739	0.980823
2739.5	0.998306
2740	0.997409
2740.5	0.982833
2741	0.962385
2741.5	0.944788
2742	0.937713
2742.5	0.944414
2743	0.961254
2743.5	0.981505
2744	0.996691
2744.5	0.998874
2745	0.982988
2745.5	1
2746	1
2746.5	1
2747	0
2747.5	0
2748	0
2748.5	0
2749	0
2749.5	0
2750	0
2750.5	0
2751	0.981807
2751.5	0.998594
2752	0.997007
2752.5	0.981788
2753	0.960804
2753.5	0.94284
2754	0.935657
2754.5	0.942559
2755	0.959806
2755.5	0.980568
2756	0.996314
2756.5	0.999068
2757	0.983736
2757.5	1
2758	1
2758.5	1
2759	0
2759.5	0
2760	0
2760.5	0
2761	0
2761.5	0
2762	0
2762.5	0
2763	0.982778
2763.5	0.998862
2764	0.99657
2764.5	0.9807
2765	0.959172
2765.5	0.940836
2766	0.933545
2766.5	0.940655
2767	0.958317
2767.5	0.9796
2768	0.995914
2768.5	0.999244
2769	0.984471
2769.5	1
2770	1
2770.5	1
2771	0
2771.5	0
2772	0
2772.5	0
2773	0
2773.5	0
2774	0
2774.5	0
2775	0.983734
2775.5	0.999105
2776	0.996097
2776.5	0.979566
2777	0.957487
2777.5	0.938775
2778	0.931377
2778.5	0.9387
2779	0.956788
2779.5	0.978601
2780	0.995489
2780.5	0.999404
2781	0.985194
2781.5	1
2782	1
2782.5	0
2783	0
2783.5	0
2784	0
2784.5	0
2785	0
2785.5	0
2786	0
2786.5	0
2787	0.984675
2787.5	0.999321
2788	0.995587
2788.5	0.978386
2789	0.955748
2789.5	0.936657
2790	0.929152
2790.5	0.936694
2791	0.955217
2791.5	0.97757
2792	0.995041
2792.5	0.999545
2793	0.985905
2793.5	1
2794	0
2794.5	0
2795	0
2795.5	0
2796	0
2796.5	0
2797	0
2797.5	0
2798	0
2798.5	0
2799	0.9856
2799.5	0
2800	0
2800.5	0.977159
2801	0.953956
2801.5	0.934481
2802	0.926871
2802.5	0.934637
2803	0.953605
2803.5	0.976489
2804	0.994568
2804.5	0.999668
2805	0.986603
2805.5	1
2806	1
2806.5	0
2807	0
2807.5	0
2808	0
2808.5	0
2809	0
2809.5	0
2810	0
2810.5	0
2811	0.986506
2811.5	0.999669
2812	0.994453
2812.5	0.975885
2813	0.952109
2813.5	0.932247
2814	0.924532
2814.5	0.932529
2815	0.951952
2815.5	0.975412
2816	0.994071
2816.5	0.999772
2817	0.987286
2817.5	1
2818	1
2818.5	0
2819	0
2819.5	0
2820	0
2820.5	0
2821	0
2821.5	0
2822	0
2822.5	0
2823	0
2823.5	0
2824	0
2824.5	0.974563
2825	0.950208
2825.5	0.929354
2826	0.920467
2826.5	0.93037
2827	0.950257
2827.5	0.974284
2828	0.993548
2828.5	0.999857
2829	0.987956
2829.5	1
2830	1
2830.5	0
2831	0
2831.5	0
2832	0
2832.5	0
2833	0
2833.5	0
2834	0
2834.5	0
2835	0
2835.5	0
2836	0.993148
2836.5	0.973192
2837	0.948251
2837.5	0.926993
2838	0.918122
2838.5	0.92816
2839	0.94852
2839.5	0.973124
2840	0.993001
2840.5	0.999923
2841	0.988611
2841.5	1
2842	0
2842.5	0
2843	0
2843.5	0
2844	0
2844.5	0
2845	0
2845.5	0
2846	0
2846.5	0
2847	0.989101
2847.5	0.999963
2848	0.992453
2848.5	0.971771
2849	0.946238
2849.5	0.925192
2850	0.917174
2850.5	0.925899
2851	0.946742
2851.5	0.971931
2852	0.992427
2852.5	0.999969
2853	0.989251
2853.5	1
2854	1
2854.5	0
2855	0
2855.5	0
2856	0
2856.5	0
2857	0
2857.5	0
2858	0
2858.5	0
2859	0.989921
2859.5	0.999996
2860	0.991704
2860.5	0.970301
2861	0.944169
2861.5	0.922721
2862	0.914607
2862.5	0.923587
2863	0.944922
2863.5	0.970705
2864	0.991828
2864.5	0.999994
2865	0.989876
2865.5	1
2866	1
2866.5	0
2867	0
2867.5	0
2868	0
2868.5	0
2869	0
2869.5	0
2870	0
2870.5	0
2871	0.990717
2871.5	0.999995
2872	0.990912
2872.5	0.96878
2873	0.942044
2873.5	0.920191
2874	0.911982
2874.5	0.921224
2875	0.94306
2875.5	0.969447
2876	0.991204
2876.5	0.999999
2877	0.990485
2877.5	1
2878	1
2878.5	0
2879	0
2879.5	0
2880	0
2880.5	0
2881	0
2881.5	0
2882	0
2882.5	0
2883	0.991486
2883.5	0.999959
2884	0.990076
2884.5	0.967208
2885	0.939861
2885.5	0.917602
2886	0.9093
2886.5	0.918809
2887	0.941156
2887.5	0.968156
2888	0.990553
2888.5	0.999984
2889	0.991078
2889.5	1
2890	1
2890.5	0
2891	0
2891.5	0
2892	0
2892.5	0
2893	0
2893.5	0
2894	0
2894.5	0
2895	0.992229
2895.5	0.999887
2896	0.989197
2896.5	0.965585
2897	0.937622
2897.5	0.914952
2898	0.90656
2898.5	0.916345
2899	0.939211
2899.5	0.966832
2900	0.989876
2900.5	0.999947
2901	0.991655
2901.5	1
2902	0
2902.5	0
2903	0
2903.5	0
2904	0
2904.5	0
2905	0
2905.5	0
2906	0
2906.5	0
2907	0.992944
2907.5	0.999777
2908	0.988272
2908.5	0.96391
2909	0.935325
2909.5	0.912243
2910	0.903764
2910.5	0.913829
2911	0.937224
2911.5	0.965475
2912	0.989172
2912.5	0.999908
2913	0.992054
2913.5	1
2914	1
2914.5	0
2915	0
2915.5	0
2916	0
2916.5	0
2917	0
2917.5	0
2918	0
2918.5	0
2919	0.993443
2919.5	0.999675
2920	0.987565
2920.5	0.962607
2921	0.933427
2921.5	0.909732
2922	0.900908
2922.5	0.911392
2923	0.935502
2923.5	0.964393
2924	0.988636
2924.5	0.999834
2925	0.992602
2925.5	1
2926	1
2926.5	0
2927	0
2927.5	0
2928	0
2928.5	0
2929	0
2929.5	0
2930	0
2930.5	0
2931	0.994107
2931.5	0.9995
2932	0.986559
2932.5	0.960837
2933	0.931023
2933.5	0.906905
2934	0.897998
2934.5	0.908776
2935	0.933435
2935.5	0.962974
2936	0.987886
2936.5	0.999739
2937	1
2937.5	1
2938	1
2938.5	0
2939	0
2939.5	0
2940	0
2940.5	0
2941	0
2941.5	0
2942	0
2942.5	0
2943	0.99474
2943.5	0.999286
2944	0.985512
2944.5	0.95902
2945	0.928562
2945.5	0.904019
2946	0.895031
2946.5	0.906109
2947	0.931326
2947.5	0.961523
2948	0.987109
2948.5	0.999622
2949	1
2949.5	1
2950	1
2950.5	0
2951	0
2951.5	0
2952	0
2952.5	0
2953	0
2953.5	0
2954	0
2954.5	0
2955	0.995342
2955.5	0.999032
2956	0.984416
2956.5	0.957147
2957	0.926043
2957.5	0.901073
2958	0.892009
2958.5	0.903394
2959	0.929177
2959.5	0.960039
2960	0.986304
2960.5	0.999483
2961	1
2961.5	1
2962	1
2962.5	0
2963	0
2963.5	0
2964	0
2964.5	0
2965	0
2965.5	0
2966	0
2966.5	0
2967	0
2967.5	0
2968	0.983243
2968.5	0.955222
2969	0.923028
2969.5	0.898068
2970	0.888932
2970.5	0.90063
2971	0.926986
2971.5	0.958522
2972	0.985473
2972.5	0.999323
2973	1
2973.5	1
2974	1
2974.5	0
2975	0
2975.5	0
2976	0
2976.5	0
2977	0
2977.5	0
2978	0
2978.5	0
2979	0.996445
2979.5	0.998403
2980	0.982084
2980.5	0.953244
2981	0.920832
2981.5	0.895004
2982	0.885799
2982.5	0.897817
2983	0.924756
2983.5	0.956972
2984	0.984616
2984.5	0.99914
2985	1
2985.5	1
2986	0
2986.5	0
2987	0
2987.5	0
2988	0
2988.5	0
2989	0
2989.5	0
2990	0
2990.5	0
2991	0.996945
2991.5	0.998026
2992	0.980812
2992.5	0.95118
2993	0.918141
2993.5	0.891883
2994	0.882613
2994.5	0.894957
2995	0.922486
2995.5	0.95539
2996	0.983731
2996.5	0.998935
2997	1
2997.5	1
2998	1
2998.5	0
2999	0
2999.5	0
3000	0
3000.5	0
3001	0
3001.5	0
3002	0
3002.5	0
3003	1
3003.5	0.997608
3004	0.979563
3004.5	0.949129
3005	0.915393
3005.5	0.888703
3006	0.879372
3006.5	0.892049
3007	0.920176
3007.5	0.953775
3008	0.982819
3008.5	0.998707
3009	1
3009.5	1
3010	1
3010.5	0
3011	0
3011.5	0
3012	0
3012.5	0
3013	0
3013.5	0
3014	0
3014.5	0
3015	1
3015.5	0.997149
3016	0.97823
3016.5	0.946993
3017	0.912151
3017.5	0.885467
3018	0.876079
3018.5	0.889095
3019	0.917827
3019.5	0.952128
3020	0.98188
3020.5	0.998457
3021	1
3021.5	1
3022	1
3022.5	0
3023	0
3023.5	0
3024	0
3024.5	0
3025	0
3025.5	0
3026	0
3026.5	0
3027	1
3027.5	0.996647
3028	0.976808
3028.5	0.944804
3029	0.909231
3029.5	0.882174
3030	0.872734
3030.5	0.886095
3031	0.915439
3031.5	0.950449
3032	0.980914
3032.5	0.998184
3033	1
3033.5	1
3034	1
3034.5	0
3035	0
3035.5	0
3036	0
3036.5	0
3037	0
3037.5	0
3038	0
3038.5	0
3039	1
3039.5	0.996103
3040	0.975423
3040.5	0.942563
3041	0.906811
3041.5	0.878826
3042	0.869337
3042.5	0.883049
3043	0.913012
3043.5	0.948738
3044	0.979921
3044.5	0.997889
3045	1
3045.5	1
3046	1
3046.5	0
3047	0
3047.5	0
3048	0
3048.5	0
3049	0
3049.5	0
3050	0
3050.5	0
3051	1
3051.5	0.995516
3052	0.973948
3052.5	0.94027
3053	0.90384
3053.5	0.875422
3054	0.865889
3054.5	0.879958
3055	0.910548
3055.5	0.946995
3056	0.9789
3056.5	0.997571
3057	1
3057.5	1
3058	1
3058.5	0
3059	0
3059.5	0
3060	0
3060.5	0
3061	0
3061.5	0
3062	0
3062.5	0
3063	1
3063.5	0.994886
3064	0.972425
3064.5	0.937927
3065	0.900815
3065.5	0.871965
3066	0.862392
3066.5	0.876823
3067	0.908045
3067.5	0.94522
3068	0.977853
3068.5	0.99723
3069	1
3069.5	1
3070	1
3070.5	0
3071	0
3071.5	0
3072	0
3072.5	0
3073	0
3073.5	0
3074	0
3074.5	0
3075	1
3075.5	0.994214
3076	0.970855
3076.5	0.935532
3077	0.897736
3077.5	0.868455
3078	0.858846
3078.5	0.873645
3079	0.905505
3079.5	0.943414
3080	0.976778
3080.5	0.996866
3081	1
3081.5	1
3082	1
3082.5	0
3083	0
3083.5	0
3084	0
3084.5	0
3085	0
3085.5	0
3086	0
3086.5	0
3087	1
3087.5	0.993498
3088	0.969237
3088.5	0.933086
3089	0.894604
3089.5	0.864893
3090	0.855252
3090.5	0.870424
3091	0.902929
3091.5	0.941576
3092	0.975676
3092.5	0.996479
3093	1
3093.5	1
3094	1
3094.5	0
3095	0
3095.5	0
3096	0
3096.5	0
3097	0
3097.5	0
3098	0
3098.5	0
3099	1
3099.5	0.992739
3100	0.967573
3100.5	0.930591
3101	0.891421
3101.5	0.861279
3102	0.851611
3102.5	0.867162
3103	0.900316
3103.5	0.939708
3104	0.974548
3104.5	0.996069
3105	1
3105.5	1
3106	1
3106.5	0
3107	0
3107.5	0
3108	0
3108.5	0
3109	0
3109.5	0
3110	0
3110.5	0
3111	1
3111.5	0.991937
3112	0.965862
3112.5	0.928047
3113	0.888186
3113.5	0.857616
3114	0.847925
3114.5	0.863859
3115	0.897668
3115.5	0.937809
3116	0.973392
3116.5	0.995635
3117	1
3117.5	1
3118	1
3118.5	0
3119	0
3119.5	0
3120	0
3120.5	0
3121	0
3121.5	0
3122	0
3122.5	0
3123	1
